0.0995763 0.0826271 0.0572034 0.0169492 0.743644 
0.00635593 0.00211864 0.00635593 0.974576 0.0105932 
0.0911017 0.0275424 0.57839 0.133475 0.169492 
0.0190678 0 0.0635593 0.84322 0.0741525 
0.0105932 0 0.0381356 0.802966 0.148305 
0.0423729 0.00211864 0.059322 0.288136 0.608051 
0.262712 0.0190678 0.684322 0.0148305 0.0190678 
0.148305 0.336864 0.0572034 0.0127119 0.444915 
0.112288 0.00635593 0.773305 0.0423729 0.065678 
0.00635593 0.00635593 0.0699153 0.0805085 0.836864 
0.0614407 0.00635593 0.866525 0.0233051 0.0423729 
0.576271 0.00635593 0.175847 0.154661 0.0868644 
0.059322 0.00211864 0.809322 0.065678 0.0635593 
0.065678 0.92161 0.00423729 0 0.00847458 
0.264831 0.0127119 0.582627 0.0741525 0.065678 
0.110169 0.00635593 0.807203 0.0148305 0.0614407 
0.0381356 0.919492 0.0105932 0.00423729 0.0275424 
0.0317797 0.0105932 0.0550847 0.0338983 0.868644 
0.0317797 0.96822 0 0 0 
0.819915 0.15678 0.0127119 0.00211864 0.00847458 
0.404661 0.00635593 0.292373 0.167373 0.129237 
0.173729 0.0360169 0.67161 0.0444915 0.0741525 
0.131356 0.0105932 0.735169 0.0529661 0.0699153 
0.0360169 0 0.141949 0.144068 0.677966 
0.0677966 0.00211864 0.288136 0.444915 0.197034 
0.0360169 0.00211864 0.0762712 0.811441 0.0741525 
0.108051 0.0889831 0.0911017 0.0508475 0.661017 
0.00635593 0 0.00847458 0.976695 0.00847458 
0.0466102 0.00211864 0.0529661 0.273305 0.625 
0.0275424 0.96822 0.00211864 0.00211864 0 
0.150424 0.612288 0.0741525 0.0169492 0.146186 
0.0233051 0.00211864 0.00847458 0.949153 0.0169492 
0.0932203 0.777542 0.0487288 0.00847458 0.0720339 
0.665254 0.209746 0.0423729 0.0148305 0.0677966 
0.591102 0.0127119 0.237288 0.0550847 0.103814 
0.00847458 0 0.00847458 0.955508 0.0275424 
0.0995763 0.00847458 0.108051 0.0466102 0.737288 
0.105932 0.029661 0.141949 0.059322 0.663136 
0.0381356 0.00635593 0.0826271 0.15678 0.716102 
0.432203 0.00423729 0.264831 0.226695 0.0720339 
0.0254237 0 0.029661 0.146186 0.798729 
0.862288 0.0741525 0.0423729 0.00847458 0.0127119 
0.0550847 0.0275424 0.161017 0.118644 0.637712 
0.0211864 0.95339 0.0148305 0.00211864 0.00847458 
0.0233051 0 0.029661 0.0741525 0.872881 
0.78178 0.0529661 0.0402542 0.029661 0.095339 
0.728814 0 0.0338983 0.190678 0.0466102 
0.0169492 0 0.00211864 0.955508 0.0254237 
0.938559 0.0148305 0.0317797 0.00211864 0.0127119 
0.889831 0.065678 0.0127119 0.0148305 0.0169492 
0.0105932 0.00423729 0.059322 0.868644 0.0572034 
0.029661 0.961864 0.00423729 0.00211864 0.00211864 
0.0783898 0.0190678 0.790254 0.0508475 0.0614407 
0.0677966 0.00635593 0.17161 0.201271 0.552966 
0.0508475 0.00211864 0.474576 0.372881 0.0995763 
0.654661 0.0169492 0.241525 0.0360169 0.0508475 
0.0826271 0.00635593 0.163136 0.605932 0.141949 
0.0169492 0.00847458 0.904661 0.0148305 0.0550847 
0.603814 0.0105932 0.245763 0.0381356 0.101695 
0.00423729 0 0.00635593 0.980932 0.00847458 
0.580508 0.00635593 0.347458 0.0211864 0.0444915 
0.0211864 0.00635593 0.739407 0.0826271 0.150424 
0.0529661 0.0105932 0.845339 0.0529661 0.0381356 
0.0360169 0.00423729 0.0677966 0.148305 0.743644 
0.125 0.0995763 0.0529661 0.0444915 0.677966 
0.0402542 0.00423729 0.0572034 0.775424 0.122881 
0.434322 0.0423729 0.480932 0.0211864 0.0211864 
0.0254237 0.0127119 0.0275424 0.0444915 0.889831 
0.849576 0.0487288 0.0275424 0.0254237 0.0487288 
0.0211864 0.00211864 0.00847458 0.957627 0.0105932 
0.0720339 0.0105932 0.771186 0.0932203 0.0529661 
0.0550847 0.00847458 0.0466102 0.754237 0.135593 
0.059322 0.904661 0.00635593 0.00847458 0.0211864 
0.0572034 0.0105932 0.650424 0.125 0.15678 
0.836864 0.0783898 0.029661 0.0148305 0.0402542 
0.576271 0.0699153 0.129237 0.15678 0.0677966 
0.0381356 0.0148305 0.0402542 0.0444915 0.862288 
0.0995763 0.029661 0.17161 0.095339 0.603814 
0.0402542 0.959746 0 0 0 
0.79661 0.0720339 0.0338983 0.0275424 0.0699153 
0.817797 0.0868644 0.0741525 0.00423729 0.0169492 
0.0635593 0.851695 0.0423729 0.00423729 0.0381356 
0.150424 0.0847458 0.154661 0.127119 0.483051 
0.868644 0.103814 0.00211864 0.0148305 0.0105932 
0.213983 0.0635593 0.260593 0.230932 0.230932 
0.0275424 0.00211864 0.0275424 0.894068 0.0487288 
0.0932203 0.0127119 0.0741525 0.514831 0.305085 
0.17161 0.485169 0.144068 0.0741525 0.125 
0.0211864 0 0.0932203 0.65678 0.228814 
0.175847 0.184322 0.408898 0.0826271 0.148305 
0.0402542 0.00211864 0.0254237 0.891949 0.0402542 
0.0233051 0 0.0275424 0.819915 0.129237 
0.169492 0.0508475 0.20339 0.0572034 0.519068 
0.00635593 0 0.00423729 0.989407 0 
0.0360169 0.00211864 0.103814 0.146186 0.711864 
0.0169492 0 0.877119 0.0402542 0.065678 
0.0508475 0.944915 0 0 0.00423729 
0.334746 0.00423729 0.290254 0.0614407 0.309322 
0.15678 0.766949 0.0529661 0.00211864 0.0211864 
0.175847 0.824153 0 0 0 
0.0868644 0.180085 0.510593 0.0911017 0.131356 
0.0741525 0.90678 0.0190678 0 0 
0.0360169 0 0.766949 0.108051 0.0889831 
0.0169492 0 0.0508475 0.252119 0.680085 
0.00211864 0 0.00211864 0.985169 0.0105932 
0.0932203 0.00847458 0.667373 0.135593 0.095339 
0.478814 0.00635593 0.233051 0.177966 0.103814 
0.423729 0.0360169 0.391949 0.0275424 0.120763 
0.065678 0.84322 0.0529661 0.00423729 0.0338983 
0.118644 0.00423729 0.641949 0.114407 0.120763 
0.0275424 0.972458 0 0 0 
0.0720339 0.0423729 0.483051 0.120763 0.28178 
0.699153 0.252119 0.0275424 0.00423729 0.0169492 
0.103814 0.0127119 0.760593 0.0889831 0.0338983 
0.0635593 0.919492 0.00211864 0.00211864 0.0127119 
0.0423729 0.951271 0 0.00211864 0.00423729 
0.0275424 0 0.0487288 0.0635593 0.860169 
0.847458 0.0211864 0.0338983 0.0550847 0.0423729 
0.423729 0.0148305 0.355932 0.108051 0.0974576 
0.0487288 0.00211864 0.0529661 0.139831 0.756356 
0.150424 0.849576 0 0 0 
0.0275424 0.947034 0.0190678 0.00211864 0.00423729 
0.0720339 0.00847458 0.0889831 0.0783898 0.752119 
0.0190678 0 0.00423729 0.961864 0.0148305 
0.633475 0.0127119 0.254237 0.059322 0.0402542 
0.173729 0.807203 0.00423729 0.00211864 0.0127119 
0.802966 0.0148305 0.0720339 0.0423729 0.0677966 
0.0783898 0.90678 0.00847458 0.00211864 0.00423729 
0.677966 0.247881 0.0338983 0 0.0402542 
0.0254237 0.00423729 0.0127119 0.832627 0.125 
0.0466102 0.0127119 0.161017 0.686441 0.0932203 
0.0974576 0.00211864 0.173729 0.131356 0.595339 
0.864407 0.108051 0.00635593 0.0105932 0.0105932 
0.0127119 0.00211864 0.0169492 0.949153 0.0190678 
0.110169 0.745763 0.0572034 0.0275424 0.059322 
0.0127119 0 0.0148305 0.940678 0.0317797 
0.0889831 0.0254237 0.158898 0.0720339 0.654661 
0.0614407 0.936441 0 0.00211864 0 
0.108051 0.0254237 0.0614407 0.114407 0.690678 
0.222458 0.0402542 0.288136 0.120763 0.32839 
0.00847458 0 0.00423729 0.0317797 0.955508 
0.0847458 0.911017 0 0 0.00423729 
0.911017 0.0720339 0.00423729 0.00847458 0.00423729 
0.0105932 0 0 0.976695 0.0127119 
0.485169 0.489407 0.0169492 0.00211864 0.00635593 
0.0402542 0.00423729 0.233051 0.440678 0.28178 
0.0847458 0.913136 0 0 0.00211864 
0.158898 0.0211864 0.358051 0.209746 0.252119 
0.489407 0.432203 0.0148305 0.0190678 0.0444915 
0.0254237 0.00423729 0.0466102 0.764831 0.158898 
0.311441 0.675847 0.00211864 0.00635593 0.00423729 
0.207627 0.71822 0.0381356 0.00211864 0.0338983 
0.34322 0.506356 0.0487288 0.0360169 0.065678 
0.90678 0.0614407 0.00847458 0.0148305 0.00847458 
0.0529661 0.940678 0.00211864 0 0.00423729 
0.792373 0.175847 0.0169492 0.00635593 0.00847458 
0.811441 0.0254237 0.108051 0.00423729 0.0508475 
0.175847 0.432203 0.184322 0.0805085 0.127119 
0.0211864 0.00211864 0.0148305 0.936441 0.0254237 
0.0635593 0.0338983 0.0995763 0.57839 0.224576 
0.307203 0.0169492 0.489407 0.0762712 0.110169 
0.0275424 0 0.932203 0.0190678 0.0211864 
0.807203 0.154661 0.0105932 0.00847458 0.0190678 
0.105932 0.889831 0 0 0.00423729 
0.0211864 0.00211864 0.95339 0.00847458 0.0148305 
0.029661 0 0.847458 0.0889831 0.0338983 
0.0466102 0.00635593 0.0338983 0.629237 0.283898 
0.184322 0.120763 0.152542 0.0338983 0.508475 
0.029661 0.00847458 0.029661 0.213983 0.71822 
0.707627 0.190678 0.0338983 0.029661 0.0381356 
0.0847458 0.0381356 0.133475 0.400424 0.34322 
0.0254237 0 0.0741525 0.135593 0.764831 
0.65678 0.21822 0.0360169 0.00847458 0.0805085 
0.120763 0.870763 0.00423729 0.00423729 0 
0.0889831 0.029661 0.470339 0.0699153 0.341102 
0.0741525 0.00847458 0.127119 0.108051 0.682203 
0.0423729 0.00635593 0.0635593 0.370763 0.516949 
0.0275424 0 0.0317797 0.917373 0.0233051 
0.0550847 0.938559 0 0 0.00635593 
0.0317797 0.00423729 0.0614407 0.735169 0.167373 
0.0190678 0.00211864 0.0402542 0.741525 0.197034 
0.122881 0.00847458 0.788136 0.0338983 0.0466102 
0.0487288 0 0.0699153 0.275424 0.605932 
0.133475 0.764831 0.0360169 0.00635593 0.059322 
0.0805085 0.0275424 0.697034 0.0444915 0.150424 
0.0148305 0 0.00211864 0.976695 0.00635593 
0.173729 0.029661 0.211864 0.493644 0.0911017 
0.868644 0.00635593 0.0995763 0.0105932 0.0148305 
0.0127119 0 0.0148305 0.927966 0.0444915 
0.0699153 0.00423729 0.192797 0.548729 0.184322 
0.286017 0.0211864 0.408898 0.224576 0.059322 
0.0974576 0.0402542 0.0677966 0.137712 0.65678 
0.0783898 0.0169492 0.644068 0.158898 0.101695 
0.108051 0.137712 0.029661 0.0360169 0.688559 
0.029661 0 0.0338983 0.822034 0.114407 
0.0466102 0.0105932 0.0381356 0.353814 0.550847 
0.148305 0.84322 0.00423729 0 0.00423729 
0.743644 0.0275424 0.0487288 0.108051 0.0720339 
0.0529661 0 0.0677966 0.122881 0.756356 
0.0741525 0.0169492 0.131356 0.0423729 0.735169 
0.838983 0.0233051 0.110169 0 0.0275424 
0.15678 0.771186 0.0317797 0.0105932 0.029661 
0.0169492 0 0.0211864 0.851695 0.110169 
0.0190678 0 0.0550847 0.0572034 0.868644 
0.213983 0.127119 0.389831 0.105932 0.163136 
0.029661 0.900424 0.0190678 0 0.0508475 
0.0974576 0.0487288 0.692797 0.0614407 0.0995763 
0.194915 0.0381356 0.427966 0.146186 0.192797 
0.0783898 0.00211864 0.858051 0.0169492 0.0444915 
0.0105932 0.989407 0 0 0 
0.0190678 0 0.0275424 0.932203 0.0211864 
0.0360169 0.00211864 0.0699153 0.0402542 0.851695 
0.0868644 0.0466102 0.0466102 0.146186 0.673729 
0.747881 0.213983 0.0105932 0.0105932 0.0169492 
0.0338983 0.00423729 0.883475 0.0381356 0.0402542 
0.0105932 0.00211864 0.00635593 0.970339 0.0105932 
0.101695 0.883475 0.00423729 0.00635593 0.00423729 
0.0254237 0.0127119 0.0381356 0.0550847 0.868644 
0.0741525 0.0105932 0.478814 0.209746 0.226695 
0.0529661 0 0.862288 0.0444915 0.0402542 
0.720339 0.0487288 0.141949 0.029661 0.059322 
0.256356 0.0423729 0.116525 0.470339 0.114407 
0.114407 0.00423729 0.822034 0.0338983 0.0254237 
0.0550847 0.00847458 0.103814 0.745763 0.0868644 
0.059322 0.00635593 0.841102 0.029661 0.0635593 
0.0572034 0.0338983 0.713983 0.0783898 0.116525 
0.0614407 0.0127119 0.692797 0.0677966 0.165254 
0.211864 0.0762712 0.432203 0.0487288 0.230932 
0.0741525 0.00847458 0.186441 0.0635593 0.667373 
0.0487288 0.0190678 0.059322 0.387712 0.485169 
0.0317797 0.0190678 0.870763 0.0338983 0.0444915 
0.0805085 0.0105932 0.724576 0.0932203 0.0911017 
0.0381356 0 0.0190678 0.911017 0.0317797 
0.20339 0.779661 0.00635593 0 0.0105932 
0.0190678 0.00211864 0.00211864 0.96822 0.00847458 
0.0444915 0.00423729 0.0254237 0.508475 0.417373 
0.131356 0.834746 0.0233051 0 0.0105932 
0.686441 0.0169492 0.199153 0.0169492 0.0805085 
0.0720339 0.0233051 0.0614407 0.737288 0.105932 
0.0360169 0.955508 0 0.00211864 0.00635593 
0.758475 0.0317797 0.110169 0.0169492 0.0826271 
0.0381356 0.955508 0.00423729 0.00211864 0 
0.0148305 0 0.919492 0.0360169 0.029661 
0.0211864 0.976695 0 0 0.00211864 
0.622881 0.127119 0.114407 0.0614407 0.0741525 
0.0190678 0 0.0275424 0.866525 0.0868644 
0.0233051 0.00635593 0.167373 0.129237 0.673729 
0.0444915 0.949153 0.00635593 0 0 
0.286017 0.650424 0.0190678 0.00423729 0.0402542 
0.0444915 0.911017 0.0169492 0.00423729 0.0233051 
0.0423729 0 0.777542 0.103814 0.0762712 
0.120763 0.0508475 0.0487288 0.0614407 0.71822 
0.0275424 0.00423729 0.0508475 0.900424 0.0169492 
0.0974576 0.0127119 0.447034 0.277542 0.165254 
0.0338983 0.919492 0.0127119 0.00847458 0.0254237 
0.887712 0.0169492 0.0338983 0.0381356 0.0233051 
0.0211864 0.00847458 0.0105932 0.188559 0.771186 
0.722458 0.0508475 0.139831 0.0381356 0.0487288 
0.618644 0.201271 0.095339 0.00211864 0.0826271 
0.0466102 0.00423729 0.0699153 0.158898 0.720339 
0.807203 0.0444915 0.108051 0.0105932 0.029661 
0.701271 0.0127119 0.186441 0.0550847 0.0444915 
0.830508 0.00423729 0.137712 0.00847458 0.0190678 
0.0423729 0 0.0381356 0.836864 0.0826271 
0.400424 0.247881 0.182203 0.0508475 0.118644 
0.824153 0.0847458 0.059322 0.0148305 0.0169492 
0.0783898 0.875 0.0169492 0.00847458 0.0211864 
0.112288 0.866525 0.00635593 0 0.0148305 
0.0720339 0.00635593 0.836864 0.0423729 0.0423729 
0.00847458 0 0.0105932 0.976695 0.00423729 
0.0529661 0.944915 0 0 0.00211864 
0.0169492 0 0.0572034 0.756356 0.169492 
0.065678 0.00847458 0.822034 0.059322 0.0444915 
0.0275424 0.0148305 0.0444915 0.523305 0.389831 
0.834746 0.0105932 0.0529661 0.0805085 0.0211864 
0.245763 0.741525 0.00847458 0.00423729 0 
0.0741525 0.911017 0.00423729 0.00211864 0.00847458 
0.720339 0.165254 0.0614407 0.0105932 0.0423729 
0.0572034 0.0233051 0.775424 0.0572034 0.0868644 
0.0529661 0.944915 0.00211864 0 0 
0.0847458 0 0.0572034 0.163136 0.694915 
0.0911017 0.00423729 0.766949 0.0550847 0.0826271 
0.0169492 0.0233051 0.883475 0.0169492 0.059322 
0.186441 0.0105932 0.0847458 0.612288 0.105932 
0.165254 0.79661 0.0169492 0.00423729 0.0169492 
0.0550847 0.0127119 0.165254 0.444915 0.322034 
0.326271 0.552966 0.0466102 0.0381356 0.0360169 
0.0466102 0.00423729 0.760593 0.0677966 0.120763 
0.307203 0.523305 0.0783898 0.0233051 0.0677966 
0.0550847 0.00211864 0.900424 0.0105932 0.0317797 
0.0233051 0.00423729 0.0148305 0.942797 0.0148305 
0.0572034 0.915254 0.0148305 0.00211864 0.0105932 
0.0508475 0 0.809322 0.0741525 0.065678 
0.0911017 0.0275424 0.616525 0.0911017 0.173729 
0.0911017 0.887712 0.00847458 0.00635593 0.00635593 
0.0317797 0.949153 0 0 0.0190678 
0.0889831 0.885593 0.0105932 0.00211864 0.0127119 
0.0148305 0 0.0317797 0.938559 0.0148305 
0.137712 0.0169492 0.673729 0.0635593 0.108051 
0.0974576 0.00635593 0.794492 0.0444915 0.0572034 
0.0762712 0 0.0889831 0.158898 0.675847 
0.065678 0.902542 0.00847458 0.0127119 0.0105932 
0.512712 0.243644 0.0762712 0.0826271 0.0847458 
0.0635593 0 0.0741525 0.118644 0.743644 
0.0190678 0.0169492 0.00847458 0.0317797 0.923729 
0.807203 0.112288 0.0127119 0.0338983 0.0338983 
0.207627 0.0762712 0.472458 0.0529661 0.190678 
0.807203 0.0211864 0.0868644 0.0169492 0.0677966 
0.0105932 0 0.0572034 0.095339 0.836864 
0.0402542 0.915254 0.00847458 0.00847458 0.0275424 
0.0847458 0.0444915 0.0529661 0.0826271 0.735169 
0.569915 0.00423729 0.298729 0.0826271 0.0444915 
0.192797 0.0466102 0.650424 0.059322 0.0508475 
0.381356 0.0190678 0.447034 0.0677966 0.0847458 
0.955508 0 0.0169492 0.0254237 0.00211864 
0.0381356 0.00847458 0.811441 0.0614407 0.0805085 
0.0635593 0.00635593 0.544492 0.269068 0.116525 
0.0127119 0.00211864 0.135593 0.103814 0.745763 
0.0635593 0 0.125 0.71822 0.0932203 
0.0847458 0.029661 0.580508 0.0783898 0.226695 
0.120763 0.0572034 0.0995763 0.0826271 0.639831 
0.0402542 0.95339 0 0.00211864 0.00423729 
0.0889831 0.00423729 0.779661 0.065678 0.0614407 
0.608051 0.345339 0.0127119 0.0148305 0.0190678 
0.879237 0.0233051 0.0677966 0.00635593 0.0233051 
0.0254237 0.944915 0.00847458 0.00211864 0.0190678 
0.175847 0.0741525 0.608051 0.0572034 0.0847458 
0.00423729 0 0.0338983 0.917373 0.0444915 
0.00423729 0 0.00211864 0.989407 0.00423729 
0.826271 0.059322 0.0529661 0.0105932 0.0508475 
0.536017 0.0169492 0.271186 0.095339 0.0805085 
0.0402542 0.957627 0 0.00211864 0 
0.110169 0.0211864 0.733051 0.0508475 0.0847458 
0.739407 0 0.0402542 0.158898 0.0614407 
0.0317797 0.00423729 0.029661 0.154661 0.779661 
0.404661 0.0275424 0.311441 0.125 0.131356 
0.065678 0 0.673729 0.161017 0.0995763 
0.79661 0.00211864 0.139831 0.0275424 0.0338983 
0.0614407 0.0148305 0.0720339 0.449153 0.402542 
0.0826271 0.00635593 0.0254237 0.137712 0.747881 
0.0317797 0.936441 0.00635593 0.00847458 0.0169492 
0.0614407 0.936441 0.00211864 0 0 
0.855932 0.0105932 0.0974576 0.0169492 0.0190678 
0.112288 0.029661 0.769068 0.0275424 0.0614407 
0.029661 0.0190678 0.673729 0.152542 0.125 
0.029661 0.00423729 0.0826271 0.737288 0.146186 
0.0508475 0.942797 0 0.00211864 0.00423729 
0.00635593 0 0.0169492 0.957627 0.0190678 
0.442797 0.103814 0.139831 0.213983 0.0995763 
0.809322 0.0932203 0.0826271 0.00635593 0.00847458 
0.0699153 0.00211864 0.851695 0.0402542 0.0360169 
0.0381356 0.0127119 0.0275424 0.186441 0.735169 
0.0974576 0.0487288 0.495763 0.21822 0.139831 
0.739407 0.0699153 0.108051 0.0254237 0.0572034 
0.0720339 0.923729 0 0.00211864 0.00211864 
0.029661 0 0.0508475 0.135593 0.783898 
0.0169492 0 0.0148305 0.936441 0.0317797 
0.120763 0.129237 0.0762712 0.0614407 0.612288 
0.0275424 0.932203 0.0211864 0.00211864 0.0169492 
0.059322 0.0360169 0.65678 0.0783898 0.169492 
0.82839 0.065678 0.0550847 0.0233051 0.0275424 
0.961864 0.00211864 0.00211864 0.0317797 0.00211864 
0.0402542 0.00635593 0.783898 0.122881 0.0466102 
0.737288 0.108051 0.0826271 0.0338983 0.0381356 
0.0381356 0 0.108051 0.0847458 0.769068 
0.059322 0.00211864 0.898305 0.0190678 0.0211864 
0.0529661 0.00423729 0.915254 0.00635593 0.0211864 
0.663136 0.319915 0.00635593 0.00635593 0.00423729 
0.824153 0.0889831 0.0614407 0.0105932 0.0148305 
0.161017 0.0423729 0.646186 0.065678 0.0847458 
0.0148305 0.00211864 0.029661 0.192797 0.760593 
0.0190678 0.00423729 0.0762712 0.110169 0.790254 
0.0529661 0.00635593 0.0254237 0.188559 0.726695 
0.0169492 0 0.00423729 0.966102 0.0127119 
0.0402542 0.00635593 0.0381356 0.576271 0.338983 
0.0529661 0.942797 0.00423729 0 0 
0.0148305 0 0.0254237 0.129237 0.830508 
0.0741525 0.00847458 0.771186 0.0868644 0.059322 
0.135593 0.00423729 0.811441 0.0275424 0.0211864 
0.0148305 0.983051 0 0 0.00211864 
0.639831 0.0105932 0.228814 0.0211864 0.0995763 
0.0444915 0.00635593 0.105932 0.574153 0.269068 
0.84322 0.0190678 0.0487288 0.0487288 0.0402542 
0.260593 0.0868644 0.582627 0.0105932 0.059322 
0.190678 0.745763 0.029661 0.0105932 0.0233051 
0.673729 0.0762712 0.0826271 0.059322 0.108051 
0.0127119 0 0.0211864 0.913136 0.0529661 
0.614407 0.135593 0.154661 0.0317797 0.0635593 
0.0677966 0.887712 0.0105932 0.00635593 0.0275424 
0.845339 0.0402542 0.0254237 0.0444915 0.0444915 
0.122881 0.875 0 0 0.00211864 
0.766949 0.0233051 0.129237 0.0254237 0.0550847 
0.588983 0.377119 0.0127119 0.00635593 0.0148305 
0.0762712 0.908898 0.00211864 0.00211864 0.0105932 
0.0190678 0 0.0614407 0.199153 0.720339 
0.0190678 0 0.029661 0.0847458 0.866525 
0.127119 0.110169 0.521186 0.0572034 0.184322 
0.00211864 0 0.0360169 0.245763 0.716102 
0.0423729 0.949153 0.00211864 0.00423729 0.00211864 
0.0677966 0.00635593 0.705508 0.192797 0.0275424 
0.029661 0.00423729 0.0211864 0.891949 0.0529661 
0.728814 0.131356 0.0254237 0.0466102 0.0677966 
0.847458 0 0.0338983 0.0487288 0.0699153 
0.652542 0.264831 0.0338983 0.0211864 0.0275424 
0.0741525 0.923729 0 0 0.00211864 
0.029661 0.970339 0 0 0 
0.0169492 0 0.864407 0.0487288 0.0699153 
0.135593 0.0360169 0.0402542 0.0550847 0.733051 
0.951271 0.0233051 0.0105932 0.00635593 0.00847458 
0.0254237 0 0.930085 0.0381356 0.00635593 
0.137712 0.0190678 0.175847 0.463983 0.20339 
0.0741525 0 0.0444915 0.338983 0.542373 
0.0233051 0 0.0148305 0.955508 0.00635593 
0.0741525 0.0233051 0.601695 0.103814 0.197034 
0.0211864 0.0211864 0.0381356 0.0868644 0.832627 
0.0444915 0.0105932 0.792373 0.0677966 0.0847458 
0.550847 0.408898 0.0148305 0.00635593 0.0190678 
0.0635593 0.92161 0.00847458 0 0.00635593 
0.00635593 0 0.0148305 0.947034 0.0317797 
0.0127119 0.00211864 0.788136 0.129237 0.0677966 
0.716102 0.029661 0.0508475 0.161017 0.0423729 
0.0211864 0.00423729 0.0338983 0.766949 0.173729 
0.0338983 0 0.783898 0.118644 0.0635593 
0.059322 0.0211864 0.00847458 0.707627 0.20339 
0.0338983 0.0169492 0.0127119 0.0529661 0.883475 
0.84322 0.00847458 0.0911017 0.0360169 0.0211864 
0.802966 0.165254 0.0105932 0.00211864 0.0190678 
0.0572034 0.0127119 0.243644 0.438559 0.247881 
0.0105932 0 0 0.985169 0.00423729 
0.226695 0.110169 0.430085 0.108051 0.125 
0.127119 0.866525 0 0.00211864 0.00423729 
0.0275424 0.00211864 0.065678 0.188559 0.716102 
0.798729 0.0868644 0.0741525 0.0148305 0.0254237 
0.224576 0.75 0.00635593 0.00211864 0.0169492 
0.0635593 0.0127119 0.129237 0.228814 0.565678 
0.029661 0.0127119 0.0932203 0.0381356 0.826271 
0.0233051 0.00847458 0.131356 0.175847 0.661017 
0.0360169 0.0127119 0.0190678 0.0932203 0.838983 
0.271186 0.707627 0.00847458 0 0.0127119 
0.139831 0.838983 0.00211864 0.00211864 0.0169492 
0.631356 0.294492 0.0211864 0.0190678 0.0338983 
0.00423729 0.00635593 0.0741525 0.826271 0.0889831 
0.552966 0.114407 0.163136 0.0529661 0.116525 
0.817797 0.144068 0.0190678 0 0.0190678 
0.811441 0.0572034 0.0550847 0.0127119 0.0635593 
0.0868644 0.0233051 0.845339 0 0.0444915 
0.0233051 0.970339 0.00423729 0 0.00211864 
0.0466102 0.00423729 0.902542 0.0169492 0.029661 
0.167373 0.805085 0.0148305 0.00211864 0.0105932 
0.0190678 0.978814 0.00211864 0 0 
0.0466102 0.0105932 0.841102 0.0550847 0.0466102 
0.0402542 0.00635593 0.0444915 0.165254 0.743644 
0.150424 0.0360169 0.669492 0.0423729 0.101695 
0.0487288 0.92161 0.00635593 0.00211864 0.0211864 
0.127119 0.105932 0.633475 0.0317797 0.101695 
0.574153 0.273305 0.0529661 0.0148305 0.0847458 
0.741525 0.0190678 0.152542 0.0254237 0.0614407 
0.633475 0.277542 0.0211864 0.0211864 0.0466102 
0.771186 0.0211864 0.108051 0.00847458 0.0911017 
0.0233051 0.00211864 0.00847458 0.775424 0.190678 
0.065678 0.891949 0.0105932 0.0105932 0.0211864 
0.0360169 0.92161 0.00847458 0.00635593 0.0275424 
0.247881 0.733051 0 0.00423729 0.0148305 
0.0254237 0.00423729 0.908898 0.0254237 0.0360169 
0.110169 0 0.230932 0.548729 0.110169 
0.127119 0.0402542 0.0699153 0.510593 0.252119 
0.79661 0.146186 0.0211864 0.00423729 0.0317797 
0.0211864 0.00211864 0.0381356 0.0911017 0.847458 
0.0105932 0.985169 0.00211864 0 0.00211864 
0.0402542 0.00423729 0.0317797 0.114407 0.809322 
0.029661 0.970339 0 0 0 
0.0233051 0.976695 0 0 0 
0.190678 0.00635593 0.741525 0.0169492 0.0444915 
0.207627 0.752119 0.0275424 0.00211864 0.0105932 
0.0974576 0.881356 0.0169492 0 0.00423729 
0.84322 0 0.0360169 0.0974576 0.0233051 
0.648305 0.309322 0.00847458 0.00423729 0.029661 
0.713983 0.271186 0.00847458 0 0.00635593 
0.0381356 0.961864 0 0 0 
0.0635593 0.00423729 0.855932 0.0254237 0.0508475 
0.0381356 0 0.0995763 0.502119 0.360169 
0.15678 0.838983 0 0.00211864 0.00211864 
0.0508475 0.00635593 0.894068 0.0317797 0.0169492 
0.572034 0.00211864 0.0275424 0.336864 0.0614407 
0.0699153 0.0211864 0.137712 0.0762712 0.694915 
0.186441 0.432203 0.275424 0.0275424 0.0783898 
0.0699153 0.90678 0.0105932 0 0.0127119 
0.57839 0.0233051 0.235169 0.0508475 0.112288 
0.197034 0.78178 0.00635593 0.00847458 0.00635593 
0.0169492 0.966102 0.00847458 0 0.00847458 
0.0211864 0.978814 0 0 0 
0.095339 0.0148305 0.0508475 0.574153 0.264831 
0.258475 0.694915 0.0148305 0.00635593 0.0254237 
0.0360169 0 0.0423729 0.646186 0.275424 
0.868644 0.00635593 0.0932203 0.00847458 0.0233051 
0.790254 0.118644 0.0317797 0.0211864 0.0381356 
0.0529661 0.0169492 0.71822 0.0783898 0.133475 
0.0783898 0.0635593 0.029661 0.0677966 0.760593 
0.427966 0.497881 0.0423729 0.0105932 0.0211864 
0.0402542 0.95339 0.00423729 0.00211864 0 
0.0720339 0.0338983 0.735169 0.0572034 0.101695 
0.779661 0.0148305 0.0677966 0.0677966 0.0699153 
0.0105932 0.987288 0 0 0.00211864 
0.942797 0.0127119 0.0275424 0.00635593 0.0105932 
0.0381356 0.961864 0 0 0 
0.0423729 0.925847 0.0233051 0.00635593 0.00211864 
0.0233051 0.00423729 0.144068 0.0783898 0.75 
0.0402542 0.959746 0 0 0 
0.648305 0.34322 0.00211864 0 0.00635593 
0.0190678 0 0.0360169 0.262712 0.682203 
0.0783898 0.911017 0.00635593 0.00211864 0.00211864 
0.680085 0.302966 0.0105932 0 0.00635593 
0.0190678 0 0.0614407 0.822034 0.0974576 
0.0423729 0.95339 0.00423729 0 0 
0.00211864 0 0.0148305 0.970339 0.0127119 
0.0508475 0.0783898 0.720339 0.0487288 0.101695 
0.0338983 0 0.0868644 0.711864 0.167373 
0.0233051 0 0.0275424 0.917373 0.0317797 
0.474576 0.00211864 0.15678 0.150424 0.216102 
0.114407 0.0423729 0.0911017 0.0338983 0.71822 
0.0508475 0.00847458 0.0105932 0.569915 0.360169 
0.650424 0.345339 0.00211864 0 0.00211864 
0.00847458 0 0.0360169 0.0572034 0.898305 
0.0741525 0.925847 0 0 0 
0.131356 0.00635593 0.065678 0.5 0.29661 
0.0211864 0.00211864 0.0338983 0.516949 0.425847 
0.127119 0.146186 0.555085 0.0317797 0.139831 
0.127119 0.0932203 0.599576 0.0529661 0.127119 
0.0614407 0.00635593 0.0317797 0.15678 0.743644 
0.0381356 0.00211864 0.0254237 0.90678 0.0275424 
0.0847458 0.0254237 0.845339 0.00847458 0.0360169 
0.0381356 0.00635593 0.059322 0.864407 0.0317797 
0.029661 0 0.0932203 0.773305 0.103814 
0.065678 0 0.0635593 0.726695 0.144068 
0.029661 0.879237 0.0487288 0.00635593 0.0360169 
0.641949 0.0190678 0.0466102 0.110169 0.182203 
0.0614407 0.934322 0.00211864 0 0.00211864 
0.0550847 0.0127119 0.0254237 0.677966 0.228814 
0.101695 0.872881 0.00635593 0.0105932 0.00847458 
0.0190678 0.0105932 0.936441 0.00635593 0.0275424 
0.262712 0.648305 0.0254237 0.0233051 0.0402542 
0.0423729 0.0211864 0.0911017 0.0699153 0.775424 
0.188559 0.00423729 0.521186 0.108051 0.177966 
0.00635593 0 0.00635593 0.974576 0.0127119 
0.0211864 0.972458 0 0 0.00635593 
0.228814 0.175847 0.286017 0.0995763 0.209746 
0.0868644 0.0190678 0.830508 0.0211864 0.0423729 
0.493644 0.00635593 0.167373 0.161017 0.17161 
0.224576 0.574153 0.0805085 0.029661 0.0911017 
0.612288 0.209746 0.059322 0.0487288 0.0699153 
0.711864 0.0402542 0.165254 0.0317797 0.0508475 
0.0508475 0.00847458 0.0974576 0.0614407 0.78178 
0.0995763 0.0148305 0.788136 0.0402542 0.0572034 
0.836864 0.0233051 0.0699153 0.0169492 0.0529661 
0.0932203 0.0635593 0.601695 0.0444915 0.197034 
0.127119 0.110169 0.512712 0.0677966 0.182203 
0.0148305 0 0.0190678 0.220339 0.745763 
0.449153 0.478814 0.0444915 0.00423729 0.0233051 
0.349576 0.0169492 0.381356 0.15678 0.095339 
0.0148305 0 0.0148305 0.934322 0.0360169 
0.351695 0.311441 0.226695 0.0381356 0.0720339 
0.0487288 0.00211864 0.0402542 0.90678 0.00211864 
0.0402542 0.00211864 0.0635593 0.0508475 0.84322 
0.0614407 0.00423729 0.065678 0.0402542 0.82839 
0.637712 0.144068 0.101695 0.0338983 0.0826271 
0.716102 0.00211864 0.029661 0.146186 0.105932 
0.771186 0.101695 0.059322 0.0127119 0.0550847 
0.0105932 0 0.0105932 0.966102 0.0127119 
0.756356 0.0275424 0.188559 0.00847458 0.0190678 
0.548729 0.0444915 0.150424 0.175847 0.0805085 
0.739407 0.235169 0.00847458 0.00847458 0.00847458 
0.0317797 0.00847458 0.411017 0.0826271 0.466102 
0.0381356 0 0.0381356 0.146186 0.777542 
0.0233051 0.972458 0 0 0.00423729 
0.0423729 0.00423729 0.0741525 0.552966 0.326271 
0.0105932 0.989407 0 0 0 
0.0508475 0.00211864 0.0360169 0.870763 0.0402542 
0.00847458 0 0.00847458 0.957627 0.0254237 
0.0508475 0.00423729 0.849576 0.0338983 0.0614407 
0.0317797 0.00211864 0.0677966 0.095339 0.802966 
0.233051 0.0190678 0.713983 0.0148305 0.0190678 
0.832627 0.0529661 0.0211864 0.0423729 0.0508475 
0.0529661 0.0317797 0.154661 0.0974576 0.663136 
0.0699153 0.0127119 0.860169 0.0148305 0.0423729 
0.771186 0.0105932 0.180085 0.00847458 0.029661 
0.0360169 0.00423729 0.110169 0.0826271 0.766949 
0.0169492 0.970339 0 0 0.0127119 
0.800847 0.00211864 0.118644 0.0148305 0.0635593 
0.0254237 0.913136 0.00211864 0.00635593 0.0529661 
0.059322 0.913136 0.0148305 0.00211864 0.0105932 
0.0211864 0.947034 0.00635593 0.00423729 0.0211864 
0.0254237 0.00211864 0.0529661 0.883475 0.0360169 
0.0381356 0.00211864 0.131356 0.368644 0.459746 
0.112288 0.0275424 0.0995763 0.101695 0.658898 
0.00211864 0 0.0381356 0.141949 0.817797 
0.970339 0.00211864 0.0105932 0.0169492 0 
0.923729 0.029661 0.00847458 0.0233051 0.0148305 
0.184322 0.766949 0.0211864 0.00635593 0.0211864 
0.0444915 0 0.0635593 0.868644 0.0233051 
0.67161 0.0127119 0.275424 0.0169492 0.0233051 
0.0169492 0 0.0211864 0.925847 0.0360169 
0.0360169 0 0.0487288 0.192797 0.722458 
0.896186 0.0233051 0.0148305 0.0211864 0.0444915 
0.0317797 0.00423729 0.0677966 0.114407 0.78178 
0.0254237 0.00211864 0.0402542 0.161017 0.771186 
0.0677966 0.902542 0.0105932 0 0.0190678 
0.148305 0.0254237 0.116525 0.127119 0.582627 
0.059322 0 0.165254 0.0826271 0.692797 
0.438559 0.411017 0.0762712 0.0275424 0.0466102 
0.20339 0.0169492 0.521186 0.139831 0.118644 
0.0381356 0.00211864 0.0550847 0.283898 0.620763 
0.0360169 0 0.0423729 0.32839 0.59322 
0.0699153 0.0423729 0.0529661 0.0508475 0.783898 
0.0677966 0.00635593 0.0889831 0.15678 0.680085 
0.0211864 0 0.0169492 0.917373 0.0444915 
0.220339 0.110169 0.447034 0.0783898 0.144068 
0.125 0.0720339 0.408898 0.254237 0.139831 
0.00423729 0 0.00847458 0.980932 0.00635593 
0.0847458 0.0233051 0.762712 0.0614407 0.0677966 
0.0550847 0 0.186441 0.436441 0.322034 
0.0275424 0 0.870763 0.0360169 0.065678 
0.716102 0.103814 0.0762712 0.0466102 0.0572034 
0.841102 0.0911017 0.0317797 0.0127119 0.0233051 
0.243644 0.53178 0.0868644 0.0381356 0.0995763 
0.029661 0.00635593 0.0360169 0.213983 0.713983 
0.00423729 0.00211864 0.0275424 0.0677966 0.898305 
0.0868644 0.845339 0.0148305 0.00635593 0.0466102 
0.0487288 0 0.0148305 0.90678 0.029661 
0.165254 0.834746 0 0 0 
0.0338983 0.00423729 0.00635593 0.135593 0.819915 
0.71822 0.00211864 0.163136 0.0677966 0.0487288 
0.101695 0.0338983 0.158898 0.116525 0.588983 
0.0190678 0 0.845339 0.0614407 0.0741525 
0.00847458 0.96822 0.0105932 0 0.0127119 
0.858051 0.00847458 0.0677966 0.0127119 0.0529661 
0.0826271 0.029661 0.0805085 0.0466102 0.760593 
0.877119 0.0381356 0.00635593 0.0275424 0.0508475 
0.0211864 0 0.824153 0.065678 0.0889831 
0.059322 0.0169492 0.105932 0.135593 0.682203 
0.0423729 0.00847458 0.891949 0.0233051 0.0338983 
0.845339 0.0635593 0.00211864 0.0317797 0.0572034 
0.0360169 0.00423729 0.0487288 0.631356 0.279661 
0.0487288 0.947034 0 0 0.00423729 
0.650424 0.0508475 0.0889831 0.0508475 0.158898 
0.0233051 0.00423729 0.84322 0.0699153 0.059322 
0.116525 0.00847458 0.0911017 0.141949 0.641949 
0.0805085 0.919492 0 0 0 
0.0529661 0.0105932 0.118644 0.118644 0.699153 
0.279661 0.67161 0.0275424 0.00211864 0.0190678 
0.0190678 0.976695 0.00211864 0 0.00211864 
0.0338983 0.00211864 0.864407 0.0466102 0.0529661 
0.449153 0 0.326271 0.108051 0.116525 
0.0254237 0 0.0275424 0.84322 0.103814 
0.720339 0.00635593 0.118644 0.0550847 0.0995763 
0.817797 0.0508475 0.095339 0.0127119 0.0233051 
0.860169 0.0169492 0.0317797 0.0487288 0.0423729 
0.0423729 0.925847 0.0169492 0.00635593 0.00847458 
0.0105932 0 0.00211864 0.985169 0.00211864 
0.853814 0.0487288 0.0211864 0.0190678 0.0572034 
0.0402542 0.00847458 0.0423729 0.667373 0.241525 
0.0805085 0.0360169 0.0275424 0.0720339 0.783898 
0.0211864 0.963983 0.00847458 0 0.00635593 
0.0614407 0 0.773305 0.114407 0.0508475 
0.841102 0.0783898 0.0508475 0 0.029661 
0.673729 0.127119 0.0635593 0.00847458 0.127119 
0.0677966 0.0233051 0.82839 0.0444915 0.0360169 
0.065678 0.932203 0 0 0.00211864 
0.0423729 0.00635593 0.0974576 0.523305 0.330508 
0.163136 0.0677966 0.129237 0.457627 0.182203 
0.101695 0.0127119 0.0550847 0.711864 0.118644 
0.830508 0.0868644 0.0211864 0.0169492 0.0444915 
0.095339 0.0169492 0.758475 0.0444915 0.0847458 
0.275424 0.616525 0.029661 0.0190678 0.059322 
0.82839 0.0211864 0.0381356 0.0529661 0.059322 
0.0148305 0 0.0360169 0.148305 0.800847 
0.0889831 0.90678 0.00211864 0 0.00211864 
0.0148305 0 0.029661 0.618644 0.336864 
0.0805085 0.908898 0 0 0.0105932 
0.0444915 0.955508 0 0 0 
0.059322 0.00635593 0.0360169 0.17161 0.726695 
0.686441 0.228814 0.0317797 0.0105932 0.0423729 
0.00635593 0.993644 0 0 0 
0.247881 0.692797 0.0211864 0.0190678 0.0190678 
0.0911017 0.00211864 0.408898 0.103814 0.394068 
0.0317797 0.00211864 0.120763 0.650424 0.194915 
0.0338983 0.00211864 0.00847458 0.889831 0.065678 
0.144068 0.0211864 0.474576 0.161017 0.199153 
0.466102 0.417373 0.059322 0.0254237 0.0317797 
0.0338983 0.00211864 0.101695 0.197034 0.665254 
0.0699153 0.00423729 0.154661 0.495763 0.275424 
0.059322 0.0148305 0.625 0.116525 0.184322 
0.139831 0.00423729 0.669492 0.101695 0.0847458 
0.0423729 0.938559 0.00211864 0.00423729 0.0127119 
0.0508475 0.00211864 0.743644 0.0783898 0.125 
0.0423729 0.0148305 0.800847 0.0338983 0.108051 
0.0826271 0.0275424 0.586864 0.0911017 0.211864 
0.0572034 0.934322 0.00211864 0 0.00635593 
0.0487288 0.00211864 0.305085 0.527542 0.116525 
0.0169492 0.00211864 0.0635593 0.127119 0.790254 
0.777542 0.00635593 0.118644 0.0381356 0.059322 
0 0 0 0.997881 0.00211864 
0.0444915 0.940678 0 0 0.0148305 
0.855932 0.0148305 0.0677966 0.0317797 0.029661 
0.0911017 0.114407 0.654661 0.0572034 0.0826271 
0.927966 0.0169492 0.0127119 0.0233051 0.0190678 
0.0466102 0.0211864 0.103814 0.0635593 0.764831 
0.0275424 0.00635593 0.800847 0.0974576 0.0677966 
0.932203 0.0169492 0.029661 0.0105932 0.0105932 
0.0444915 0.0148305 0.0487288 0.0868644 0.805085 
0.0720339 0.0338983 0.764831 0.059322 0.0699153 
0.0529661 0.00211864 0.0826271 0.237288 0.625 
0.0550847 0.938559 0.00635593 0 0 
0.0338983 0.00847458 0.766949 0.0995763 0.0911017 
0.0317797 0.961864 0.00211864 0.00211864 0.00211864 
0.0508475 0 0.576271 0.201271 0.17161 
0.0381356 0.00211864 0.0868644 0.17161 0.701271 
0.0381356 0.00211864 0.139831 0.70339 0.116525 
0.139831 0.0127119 0.713983 0.0635593 0.0699153 
0.0275424 0.0381356 0.711864 0.0572034 0.165254 
0.258475 0.0805085 0.565678 0.0614407 0.0338983 
0.0127119 0 0.0169492 0.900424 0.0699153 
0.112288 0.855932 0.0211864 0 0.0105932 
0.963983 0.00211864 0.0211864 0.0105932 0.00211864 
0.0423729 0.00635593 0.851695 0.0572034 0.0423729 
0.0995763 0.0275424 0.0677966 0.199153 0.605932 
0.135593 0.00635593 0.580508 0.122881 0.154661 
0.0127119 0 0.00635593 0.974576 0.00635593 
0.165254 0.0275424 0.0720339 0.400424 0.334746 
0.0487288 0.00635593 0.741525 0.0550847 0.148305 
0.0275424 0 0.0572034 0.697034 0.21822 
0.0338983 0 0.0572034 0.182203 0.726695 
0.0381356 0.00423729 0.881356 0.029661 0.0466102 
0.788136 0.207627 0 0.00211864 0.00211864 
0.0105932 0 0.029661 0.0995763 0.860169 
0.555085 0.417373 0.0105932 0 0.0169492 
0.673729 0.322034 0.00211864 0.00211864 0 
0.324153 0.0127119 0.341102 0.216102 0.105932 
0.0317797 0.955508 0.00211864 0.00211864 0.00847458 
0.0911017 0.90678 0 0.00211864 0 
0.0614407 0 0.743644 0.116525 0.0783898 
0.0233051 0.00635593 0.862288 0.0508475 0.0572034 
0.163136 0.836864 0 0 0 
0.00847458 0.00847458 0.00423729 0.0338983 0.944915 
0.0275424 0.902542 0.0127119 0.0105932 0.0466102 
0.0127119 0.00211864 0.029661 0.0762712 0.879237 
0.815678 0.0105932 0.0360169 0.0508475 0.0868644 
0.133475 0.0148305 0.559322 0.0889831 0.20339 
0.0381356 0.957627 0.00423729 0 0 
0.891949 0.0635593 0.0381356 0.00211864 0.00423729 
0.845339 0.0508475 0.0402542 0.0444915 0.0190678 
0.0127119 0 0.0233051 0.898305 0.065678 
0.0127119 0.00635593 0.0169492 0.0995763 0.864407 
0.0254237 0.00211864 0.0911017 0.201271 0.680085 
0.0360169 0.963983 0 0 0 
0.00635593 0 0.00211864 0.96822 0.0233051 
0.707627 0.177966 0.0847458 0.00635593 0.0233051 
0.029661 0.00423729 0.0783898 0.811441 0.0762712 
0.103814 0.0169492 0.101695 0.648305 0.129237 
0.059322 0.00211864 0.0847458 0.095339 0.758475 
0.0783898 0.00423729 0.177966 0.205508 0.533898 
0.0762712 0.00423729 0.802966 0.0572034 0.059322 
0.197034 0.716102 0.0402542 0.0190678 0.0275424 
0.0783898 0.915254 0 0.00211864 0.00423729 
0.451271 0.529661 0 0.00635593 0.0127119 
0.0275424 0.0105932 0.065678 0.169492 0.726695 
0.0677966 0.887712 0.00847458 0.00423729 0.0317797 
0.0169492 0 0.0148305 0.961864 0.00635593 
0.0508475 0.00423729 0.0677966 0.372881 0.504237 
0.0487288 0.0148305 0.830508 0.0444915 0.0614407 
0.101695 0.00635593 0.711864 0.0911017 0.0889831 
0.0254237 0.974576 0 0 0 
0.0826271 0.0105932 0.788136 0.0572034 0.0614407 
0.108051 0.0317797 0.625 0.122881 0.112288 
0.0402542 0.0148305 0.0911017 0.209746 0.644068 
0.152542 0.813559 0.0169492 0.00635593 0.0105932 
0.0635593 0.00635593 0.0932203 0.667373 0.169492 
0.0211864 0.00211864 0.0550847 0.40678 0.514831 
0.0211864 0.00211864 0.881356 0.0550847 0.0402542 
0.00635593 0 0.0211864 0.92161 0.0508475 
0.0381356 0.90678 0.0169492 0.00423729 0.0338983 
0.0254237 0.00635593 0.900424 0.0233051 0.0444915 
0.887712 0.0572034 0.0190678 0.0127119 0.0233051 
0.0614407 0 0.0275424 0.794492 0.116525 
0.0317797 0 0.192797 0.654661 0.120763 
0.15678 0.819915 0.0190678 0.00211864 0.00211864 
0.0974576 0.0699153 0.0677966 0.207627 0.557203 
0.059322 0.0275424 0.00635593 0.059322 0.847458 
0.0360169 0.963983 0 0 0 
0.536017 0.00423729 0.133475 0.169492 0.15678 
0.0127119 0 0.00847458 0.976695 0.00211864 
0.0762712 0.00211864 0.108051 0.368644 0.444915 
0.0127119 0 0.0233051 0.150424 0.813559 
0.0169492 0 0.00211864 0.970339 0.0105932 
0.0635593 0.00423729 0.879237 0.0233051 0.029661 
0.762712 0.0148305 0.177966 0.0254237 0.0190678 
0.830508 0.059322 0.0381356 0.0169492 0.0550847 
0.273305 0.0889831 0.438559 0.0762712 0.122881 
0.0783898 0.00211864 0.207627 0.389831 0.322034 
0.177966 0.548729 0.110169 0.0550847 0.108051 
0.0317797 0.917373 0.0127119 0.00423729 0.0338983 
0.184322 0.139831 0.457627 0.0720339 0.146186 
0.434322 0.0635593 0.180085 0.103814 0.21822 
0.0338983 0.936441 0.0105932 0.00635593 0.0127119 
0.0148305 0.983051 0 0 0.00211864 
0.0932203 0.00211864 0.146186 0.0508475 0.707627 
0.542373 0.358051 0.0466102 0.0169492 0.0360169 
0.688559 0.0275424 0.114407 0.0190678 0.150424 
0.0487288 0 0.0868644 0.29661 0.567797 
0.603814 0.338983 0.0148305 0.0105932 0.0317797 
0.0699153 0.00211864 0.20339 0.654661 0.0699153 
0.00211864 0 0.00847458 0.872881 0.116525 
0.0360169 0.963983 0 0 0 
0.0402542 0.0233051 0.0974576 0.194915 0.644068 
0.0762712 0.00635593 0.059322 0.760593 0.0974576 
0.059322 0.029661 0.0233051 0.146186 0.741525 
0.110169 0.860169 0.00635593 0.00211864 0.0211864 
0.0381356 0.847458 0.059322 0.00635593 0.0487288 
0.0190678 0.980932 0 0 0 
0.0720339 0.0148305 0.864407 0.0127119 0.0360169 
0.112288 0.0889831 0.0995763 0.402542 0.29661 
0.71822 0.141949 0.0381356 0.0148305 0.0868644 
0.158898 0.00635593 0.161017 0.601695 0.0720339 
0.095339 0.0190678 0.152542 0.0381356 0.694915 
0.059322 0.938559 0.00211864 0 0 
0.120763 0.0190678 0.230932 0.0995763 0.529661 
0.0487288 0.0105932 0.0275424 0.0487288 0.864407 
0.0169492 0.972458 0.00635593 0 0.00423729 
0.0148305 0 0.0338983 0.0444915 0.90678 
0.0868644 0.911017 0 0 0.00211864 
0.118644 0.0317797 0.0550847 0.065678 0.728814 
0.105932 0.0762712 0.029661 0.0444915 0.743644 
0.913136 0.0635593 0.0190678 0 0.00423729 
0.0889831 0.817797 0.0338983 0.0211864 0.0381356 
0.0720339 0.00211864 0.745763 0.095339 0.0847458 
0.0995763 0.00423729 0.105932 0.34322 0.447034 
0.00847458 0.00211864 0.0444915 0.144068 0.800847 
0.0190678 0 0.0105932 0.959746 0.0105932 
0.0381356 0.917373 0.00847458 0.00635593 0.029661 
0.0360169 0.00635593 0.0720339 0.483051 0.402542 
0.84322 0.0190678 0.0614407 0.0635593 0.0127119 
0.0105932 0.00211864 0.0338983 0.0762712 0.877119 
0.0381356 0.845339 0.0105932 0.00847458 0.0974576 
0.201271 0.0211864 0.54661 0.118644 0.112288 
0.0338983 0 0.815678 0.0783898 0.0720339 
0.0614407 0.0148305 0.0847458 0.0423729 0.79661 
0.0677966 0 0.135593 0.694915 0.101695 
0.28178 0.226695 0.224576 0.0614407 0.205508 
0.0190678 0.00211864 0.0381356 0.360169 0.580508 
0.0254237 0.972458 0 0 0.00211864 
0.0974576 0.0868644 0.502119 0.0868644 0.226695 
0.766949 0.129237 0.0211864 0.029661 0.0529661 
0.0360169 0.963983 0 0 0 
0.0508475 0.00211864 0.120763 0.029661 0.79661 
0.0487288 0.00211864 0.805085 0.0783898 0.065678 
0.788136 0.0889831 0.0275424 0.0148305 0.0805085 
0.0275424 0.00423729 0.0614407 0.332627 0.574153 
0.0338983 0.966102 0 0 0 
0.116525 0.0317797 0.650424 0.0805085 0.120763 
0.0254237 0 0.0699153 0.349576 0.555085 
0.0614407 0.00847458 0.0868644 0.548729 0.294492 
0.65678 0.311441 0.0148305 0.00847458 0.00847458 
0.0762712 0.0105932 0.0868644 0.0911017 0.735169 
0.0889831 0.0275424 0.707627 0.0720339 0.103814 
