0.0190678 0 0.0190678 0.188559 0.773305 
0.192797 0.802966 0.00211864 0 0.00211864 
0.0699153 0.930085 0 0 0 
0.0233051 0.974576 0.00211864 0 0 
0.131356 0.794492 0.0233051 0.0127119 0.0381356 
0.858051 0.0317797 0.0381356 0.0211864 0.0508475 
0.029661 0.00211864 0.0360169 0.894068 0.0381356 
0.769068 0.00635593 0.110169 0.0423729 0.0720339 
0.095339 0.0487288 0.108051 0.0826271 0.665254 
0.0190678 0 0.0402542 0.525424 0.415254 
0.108051 0.889831 0.00211864 0 0 
0.0741525 0.0338983 0.0677966 0.114407 0.709746 
0.0423729 0.0105932 0.177966 0.133475 0.635593 
0.148305 0.809322 0.0190678 0.00423729 0.0190678 
0.0233051 0.00211864 0.0762712 0.197034 0.701271 
0.205508 0.0487288 0.603814 0.0572034 0.0847458 
0.936441 0.0317797 0.00847458 0.00211864 0.0211864 
0.0699153 0.101695 0.0466102 0.0338983 0.747881 
0.0190678 0.00211864 0.0338983 0.756356 0.188559 
0.0127119 0.00423729 0.0169492 0.139831 0.826271 
0.720339 0.108051 0.059322 0.0254237 0.0868644 
0.118644 0.845339 0.0233051 0 0.0127119 
0.0423729 0.951271 0.00211864 0.00423729 0 
0.0148305 0 0.760593 0.167373 0.0572034 
0.0169492 0.00423729 0.0402542 0.0805085 0.858051 
0.0466102 0.00635593 0.0381356 0.779661 0.129237 
0.059322 0.938559 0.00211864 0 0 
0.0233051 0.00635593 0.059322 0.713983 0.197034 
0.813559 0.00635593 0.029661 0.139831 0.0105932 
0.0360169 0.00635593 0.0974576 0.209746 0.650424 
0.0317797 0 0.894068 0.0211864 0.0529661 
0.0699153 0.913136 0.00635593 0.00423729 0.00635593 
0.0699153 0.925847 0.00211864 0.00211864 0 
0.00847458 0.00211864 0.00211864 0.976695 0.0105932 
0.112288 0.0127119 0.648305 0.112288 0.114407 
0.0254237 0.974576 0 0 0 
0.065678 0.934322 0 0 0 
0.205508 0.472458 0.146186 0.0635593 0.112288 
0.862288 0.0211864 0.0762712 0.00635593 0.0338983 
0.00211864 0 0.00423729 0.970339 0.0233051 
0.0381356 0.955508 0 0 0.00635593 
0.0127119 0.00635593 0.0211864 0.0783898 0.881356 
0.0317797 0.963983 0.00211864 0 0.00211864 
0.0402542 0.00211864 0.881356 0.0338983 0.0423729 
0.0105932 0 0.0466102 0.862288 0.0805085 
0.0444915 0.90678 0.0148305 0.00211864 0.0317797 
0.0169492 0.983051 0 0 0 
0.650424 0.00211864 0.065678 0.0635593 0.21822 
0.00211864 0 0.0317797 0.0762712 0.889831 
0.0233051 0 0.00211864 0.959746 0.0148305 
0.709746 0.127119 0.0423729 0.0381356 0.0826271 
0.0423729 0.0402542 0.777542 0.0529661 0.0868644 
0.150424 0.0805085 0.0169492 0.0932203 0.658898 
0.110169 0.00211864 0.648305 0.122881 0.116525 
0.135593 0.00635593 0.0423729 0.773305 0.0423729 
0.0381356 0.0105932 0.0805085 0.262712 0.608051 
0.0572034 0.00211864 0.133475 0.699153 0.108051 
0.0360169 0.00423729 0.0529661 0.226695 0.680085 
0.0402542 0.0169492 0.794492 0.059322 0.0889831 
0.790254 0.0995763 0.0889831 0 0.0211864 
0.508475 0.00211864 0.059322 0.423729 0.00635593 
0.0720339 0.00635593 0.758475 0.0699153 0.0932203 
0.0741525 0.00211864 0.737288 0.0741525 0.112288 
0.0550847 0.00423729 0.0529661 0.184322 0.70339 
0.220339 0.538136 0.0783898 0.029661 0.133475 
0.0677966 0.00635593 0.567797 0.307203 0.0508475 
0.0444915 0.955508 0 0 0 
0.029661 0.959746 0.00211864 0 0.00847458 
0.0169492 0 0.669492 0.262712 0.0508475 
0.826271 0.131356 0.0211864 0.00423729 0.0169492 
0.934322 0.0105932 0.0466102 0.00635593 0.00211864 
0.0233051 0.0105932 0.860169 0.0402542 0.065678 
0.0635593 0.891949 0.0148305 0.00423729 0.0254237 
0.139831 0.0169492 0.133475 0.591102 0.118644 
0.0127119 0.00211864 0.0487288 0.851695 0.0847458 
0.438559 0.00847458 0.177966 0.0381356 0.336864 
0.807203 0.144068 0.0254237 0.00847458 0.0148305 
0.601695 0.0508475 0.116525 0.0911017 0.139831 
0.0487288 0.911017 0.0254237 0 0.0148305 
0.644068 0.0127119 0.220339 0.0233051 0.0995763 
0.0805085 0.0317797 0.675847 0.0720339 0.139831 
0.0275424 0.0105932 0.0105932 0.0360169 0.915254 
0.105932 0.0233051 0.0508475 0.0487288 0.771186 
0.677966 0.0211864 0.137712 0.0868644 0.0762712 
0.0699153 0.925847 0 0.00211864 0.00211864 
0.0169492 0.983051 0 0 0 
0.0148305 0.00635593 0.961864 0.00423729 0.0127119 
0.163136 0.0466102 0.724576 0.0127119 0.0529661 
0.832627 0.00423729 0.0148305 0.0889831 0.059322 
0.00847458 0.00847458 0.0381356 0.824153 0.120763 
0.40678 0.557203 0.00847458 0.00635593 0.0211864 
0.807203 0.186441 0 0.00211864 0.00423729 
0.0783898 0.0254237 0.105932 0.0868644 0.70339 
0.0550847 0.911017 0.00635593 0.00847458 0.0190678 
0.0932203 0.0254237 0.605932 0.207627 0.0677966 
0.552966 0.381356 0.00211864 0.0127119 0.0508475 
0.0466102 0.0529661 0.00847458 0.0911017 0.800847 
0.222458 0.0572034 0.563559 0.0317797 0.125 
0.0169492 0.00635593 0.915254 0.0275424 0.0338983 
0.0444915 0.00211864 0.0699153 0.665254 0.21822 
0.707627 0.0508475 0.0508475 0.105932 0.0847458 
0.0847458 0.00423729 0.120763 0.205508 0.584746 
0.792373 0.0741525 0.0190678 0.029661 0.0847458 
0.0402542 0 0.0148305 0.826271 0.118644 
0.838983 0.116525 0.0148305 0.0105932 0.0190678 
0.0550847 0.0169492 0.0974576 0.137712 0.692797 
0.209746 0.743644 0.0211864 0.0105932 0.0148305 
0.0211864 0 0.0169492 0.0381356 0.923729 
0.0932203 0.00635593 0.449153 0.235169 0.216102 
0.0529661 0.00847458 0.095339 0.20339 0.639831 
0.0614407 0.927966 0.00635593 0.00423729 0 
0.213983 0.0550847 0.610169 0.0402542 0.0805085 
0.00635593 0 0.00423729 0.065678 0.923729 
0.00211864 0 0.0381356 0.0720339 0.887712 
0.654661 0.209746 0.059322 0 0.0762712 
0.114407 0.0466102 0.650424 0.0762712 0.112288 
0.0677966 0.0529661 0.648305 0.0762712 0.154661 
0.0105932 0.00635593 0.00847458 0.96822 0.00635593 
0.192797 0.0381356 0.493644 0.129237 0.146186 
0.0127119 0.00211864 0.0635593 0.811441 0.110169 
0.065678 0.00211864 0.103814 0.0105932 0.817797 
0.0762712 0.00211864 0.766949 0.0911017 0.0635593 
0.917373 0.059322 0.00847458 0.00847458 0.00635593 
0.00211864 0 0.00635593 0.991525 0 
0.0338983 0.00635593 0.0381356 0.478814 0.442797 
0.96822 0 0.00847458 0.0169492 0.00635593 
0.0381356 0 0.841102 0.0677966 0.0529661 
0.169492 0.029661 0.326271 0.120763 0.353814 
0.273305 0.186441 0.247881 0.0932203 0.199153 
0.129237 0.0338983 0.0423729 0.0741525 0.720339 
0.654661 0.00211864 0.201271 0.0635593 0.0783898 
0.0529661 0.944915 0 0 0.00211864 
0.103814 0.0360169 0.707627 0.103814 0.0487288 
0.0444915 0.00211864 0.0868644 0.54661 0.319915 
0.0169492 0.00211864 0.0360169 0.105932 0.838983 
0.182203 0.760593 0.0360169 0.0105932 0.0105932 
0.644068 0.141949 0.0762712 0.0635593 0.0741525 
0.0466102 0.00635593 0.0550847 0.0233051 0.868644 
0.379237 0.0423729 0.370763 0.0487288 0.158898 
0.0508475 0 0.059322 0.733051 0.15678 
0.771186 0.216102 0.0105932 0 0.00211864 
0.391949 0.582627 0.00847458 0.00423729 0.0127119 
0.190678 0.0508475 0.101695 0.0317797 0.625 
0.0148305 0.985169 0 0 0 
0.148305 0.794492 0.0233051 0.0148305 0.0190678 
0.0360169 0.00847458 0.913136 0.0169492 0.0254237 
0.177966 0.0402542 0.5 0.0805085 0.201271 
0.190678 0.0338983 0.614407 0.0889831 0.0720339 
0.0635593 0.0381356 0.101695 0.133475 0.663136 
0.404661 0.580508 0.00635593 0.00211864 0.00635593 
0.114407 0.0677966 0.129237 0.40678 0.28178 
0.641949 0.0868644 0.167373 0.00635593 0.0974576 
0.0402542 0.00847458 0.872881 0.0423729 0.0360169 
0.0635593 0.887712 0.0190678 0.00211864 0.0275424 
0.0699153 0.00847458 0.0677966 0.0466102 0.807203 
0.0148305 0.985169 0 0 0 
0.21822 0.144068 0.0254237 0.0614407 0.550847 
0.836864 0.0572034 0.0381356 0.0275424 0.0402542 
0.0360169 0 0.0105932 0.911017 0.0423729 
0.0995763 0.0211864 0.103814 0.434322 0.341102 
0.110169 0.885593 0 0 0.00423729 
0.129237 0.805085 0.0338983 0.00847458 0.0233051 
0.0381356 0.00211864 0.114407 0.0974576 0.747881 
0.616525 0.0889831 0.131356 0.0508475 0.112288 
0.0423729 0.934322 0.0105932 0.00635593 0.00635593 
0.201271 0.764831 0.0127119 0.00847458 0.0127119 
0.0275424 0.00423729 0.902542 0.0169492 0.0487288 
0.0190678 0.978814 0 0 0.00211864 
0.0254237 0 0.0932203 0.620763 0.260593 
0.277542 0.591102 0.0572034 0.0233051 0.0508475 
0.694915 0.209746 0.0402542 0.0169492 0.0381356 
0 0.00211864 0.0402542 0.858051 0.0995763 
0.0741525 0.0381356 0.819915 0.0317797 0.0360169 
0.938559 0.00423729 0.0381356 0.0148305 0.00423729 
0.0169492 0.00211864 0.0423729 0.175847 0.762712 
0.029661 0.00635593 0.0338983 0.0381356 0.891949 
0.065678 0.783898 0.0508475 0.00211864 0.0974576 
0.103814 0.0127119 0.860169 0.00847458 0.0148305 
0.0444915 0.00211864 0.805085 0.0635593 0.0847458 
0.317797 0.677966 0.00211864 0 0.00211864 
0.0508475 0.00211864 0.120763 0.0338983 0.792373 
0.925847 0.0211864 0.0360169 0.00847458 0.00847458 
0.0847458 0.908898 0.00211864 0.00423729 0 
0.112288 0.0127119 0.0741525 0.338983 0.461864 
0.133475 0.00847458 0.730932 0.095339 0.0317797 
0.885593 0 0.0529661 0.0466102 0.0148305 
0.0148305 0 0.00211864 0.980932 0.00211864 
0.0105932 0.00211864 0.0190678 0.139831 0.82839 
0.00423729 0 0.0423729 0.101695 0.851695 
0.775424 0.184322 0.0211864 0.0105932 0.00847458 
0.139831 0.851695 0.00635593 0 0.00211864 
0.0423729 0 0.705508 0.188559 0.0635593 
0.0529661 0.00211864 0.927966 0.00847458 0.00847458 
0.0932203 0.00635593 0.398305 0.404661 0.0974576 
0.0317797 0.963983 0.00211864 0 0.00211864 
0.40678 0.574153 0.0105932 0.00211864 0.00635593 
0.059322 0.0148305 0.0381356 0.790254 0.0974576 
0.0169492 0 0.951271 0.0169492 0.0148305 
0.853814 0.0699153 0.0233051 0.0190678 0.0338983 
0.0699153 0.927966 0.00211864 0 0 
0.00635593 0 0.0911017 0.247881 0.654661 
0.733051 0.0105932 0.188559 0.029661 0.0381356 
0.0254237 0.00211864 0.180085 0.669492 0.122881 
0.915254 0.0423729 0.0127119 0.0127119 0.0169492 
0.0529661 0.0148305 0.601695 0.133475 0.197034 
0.118644 0.84322 0.0148305 0.00847458 0.0148305 
0.0338983 0 0.00211864 0.949153 0.0148305 
0.0360169 0.00847458 0.0720339 0.165254 0.71822 
0.00635593 0 0.0317797 0.855932 0.105932 
0.682203 0.300847 0.00423729 0.00635593 0.00635593 
0.84322 0.101695 0.0338983 0.00635593 0.0148305 
0.0487288 0.951271 0 0 0 
0.095339 0.00423729 0.135593 0.525424 0.239407 
0.0911017 0.0148305 0.743644 0.0762712 0.0741525 
0.137712 0.0868644 0.629237 0.0466102 0.0995763 
0.201271 0.00847458 0.697034 0.0338983 0.059322 
0.00635593 0 0.0317797 0.915254 0.0466102 
0.0105932 0 0.0254237 0.184322 0.779661 
0.673729 0.252119 0.0275424 0.0127119 0.0338983 
0.0105932 0.978814 0.00211864 0 0.00847458 
0.0148305 0.983051 0.00211864 0 0 
0.0148305 0.970339 0.00635593 0 0.00847458 
0.0466102 0 0.154661 0.627119 0.17161 
0.108051 0.00847458 0.527542 0.21822 0.137712 
0.0127119 0.955508 0.00211864 0 0.029661 
0.870763 0.00423729 0.0826271 0.0127119 0.029661 
0.139831 0.849576 0.00211864 0.00211864 0.00635593 
0.699153 0.0550847 0.0974576 0.0423729 0.105932 
0.565678 0.419492 0.00423729 0.00423729 0.00635593 
0.739407 0.213983 0.0169492 0.0127119 0.0169492 
0.0529661 0.00211864 0.798729 0.0826271 0.0635593 
0.0254237 0.955508 0.00635593 0.00211864 0.0105932 
0.0211864 0.00211864 0.0487288 0.832627 0.095339 
0.0550847 0.0402542 0.0635593 0.0826271 0.758475 
0.00635593 0 0.0190678 0.0381356 0.936441 
0.0444915 0.951271 0.00211864 0.00211864 0 
0.133475 0.00423729 0.135593 0.497881 0.228814 
0.029661 0 0.065678 0.122881 0.78178 
0.0572034 0.0105932 0.805085 0.0762712 0.0508475 
0.252119 0.726695 0 0.00847458 0.0127119 
0.127119 0.0127119 0.641949 0.110169 0.108051 
0.0868644 0.00847458 0.690678 0.0974576 0.116525 
0.0275424 0 0.0677966 0.127119 0.777542 
0.0974576 0.0572034 0.536017 0.133475 0.175847 
0.095339 0.00211864 0.209746 0.559322 0.133475 
0.133475 0.0572034 0.582627 0.0635593 0.163136 
0.00211864 0 0.0190678 0.213983 0.764831 
0.0635593 0.934322 0 0.00211864 0 
0.0868644 0.00211864 0.101695 0.0233051 0.786017 
0.059322 0.00423729 0.0317797 0.889831 0.0148305 
0.0487288 0.00211864 0.773305 0.0805085 0.095339 
0.150424 0.0444915 0.673729 0.00635593 0.125 
0.0572034 0.00635593 0.75 0.0889831 0.0974576 
0.103814 0.84322 0.00847458 0.00423729 0.0402542 
0.029661 0.0105932 0.889831 0.0275424 0.0423729 
0.792373 0.0889831 0.0508475 0.0190678 0.0487288 
0.0254237 0 0.0211864 0.881356 0.0720339 
0.0211864 0.978814 0 0 0 
0.737288 0 0.175847 0.0741525 0.0127119 
0.116525 0.0254237 0.137712 0.065678 0.654661 
0.697034 0 0.186441 0.0614407 0.0550847 
0.830508 0.0550847 0.0275424 0.0550847 0.0317797 
0.122881 0.0699153 0.0783898 0.540254 0.188559 
0.0423729 0 0.0254237 0.894068 0.0381356 
0.794492 0.165254 0.0211864 0.00211864 0.0169492 
0.67161 0.00423729 0.0190678 0.292373 0.0127119 
0.0148305 0 0.0360169 0.105932 0.84322 
0.0826271 0.0317797 0.0508475 0.180085 0.654661 
0.101695 0.887712 0 0.00423729 0.00635593 
0.0360169 0.961864 0 0 0.00211864 
0.158898 0.00211864 0.758475 0.0338983 0.0466102 
0.065678 0.00847458 0.065678 0.17161 0.688559 
0.612288 0.0254237 0.317797 0.0254237 0.0190678 
0.0275424 0 0.110169 0.288136 0.574153 
0.0127119 0.974576 0.00423729 0 0.00847458 
0.235169 0.0550847 0.165254 0.116525 0.427966 
0.0932203 0.00847458 0.792373 0.0466102 0.059322 
0.00847458 0 0 0.974576 0.0169492 
0.110169 0.887712 0.00211864 0 0 
0.497881 0.0423729 0.190678 0.0783898 0.190678 
0.17161 0.754237 0.0317797 0.0211864 0.0211864 
0.0275424 0.00635593 0.885593 0.0233051 0.0572034 
0.0148305 0.983051 0 0 0.00211864 
0.802966 0.00423729 0.0932203 0.0148305 0.0847458 
0.235169 0.15678 0.375 0.095339 0.137712 
0.0932203 0.0127119 0.192797 0.0169492 0.684322 
0.135593 0.853814 0.00423729 0.00211864 0.00423729 
0.059322 0.0105932 0.868644 0.0275424 0.0338983 
0.709746 0.139831 0.0868644 0.0254237 0.0381356 
0.0974576 0.0805085 0.616525 0.059322 0.146186 
0.137712 0.00635593 0.141949 0.0444915 0.669492 
0.190678 0 0.538136 0.0995763 0.17161 
0.00423729 0.993644 0.00211864 0 0 
0.919492 0.0444915 0.0211864 0.00423729 0.0105932 
0.847458 0.0381356 0.0275424 0.0127119 0.0741525 
0.116525 0.00847458 0.758475 0.0572034 0.059322 
0.0317797 0 0.20339 0.644068 0.120763 
0.0974576 0.830508 0.0423729 0.00847458 0.0211864 
0.0720339 0.00847458 0.182203 0.569915 0.167373 
0.0783898 0.0275424 0.641949 0.118644 0.133475 
0.0233051 0.00423729 0.0211864 0.864407 0.0868644 
0.00423729 0 0.0423729 0.180085 0.773305 
0.0275424 0 0.777542 0.110169 0.0847458 
0.82839 0.0974576 0.0275424 0.0169492 0.029661 
0.0275424 0.0127119 0.158898 0.0889831 0.711864 
0.0105932 0.00211864 0.0233051 0.0444915 0.919492 
0.116525 0.0169492 0.0911017 0.0402542 0.735169 
0.00847458 0 0.0423729 0.0847458 0.864407 
0.694915 0.059322 0.108051 0.0338983 0.103814 
0.00211864 0 0.0211864 0.891949 0.0847458 
0.029661 0.966102 0.00211864 0 0.00211864 
0.0381356 0.00211864 0.707627 0.135593 0.116525 
0.0529661 0 0.523305 0.220339 0.20339 
0.0508475 0.00211864 0.915254 0.0127119 0.0190678 
0.733051 0.137712 0.101695 0.00847458 0.0190678 
0.510593 0.00211864 0.194915 0.0805085 0.211864 
0.0466102 0.944915 0.00423729 0 0.00423729 
0.563559 0.0338983 0.262712 0.0508475 0.0889831 
0.0381356 0.0423729 0.00635593 0.125 0.788136 
0.00635593 0 0.0105932 0.974576 0.00847458 
0.84322 0.0211864 0.0317797 0.0169492 0.0868644 
0.0275424 0.970339 0 0 0.00211864 
0.567797 0.311441 0.0614407 0.0211864 0.0381356 
0.0762712 0.0317797 0.786017 0.0317797 0.0741525 
0.137712 0.855932 0.00423729 0 0.00211864 
0.705508 0 0.152542 0.0826271 0.059322 
0.0105932 0.989407 0 0 0 
0.0847458 0.904661 0.00211864 0 0.00847458 
0.0105932 0.00211864 0.0211864 0.92161 0.0444915 
0.0360169 0 0.853814 0.0529661 0.0572034 
0.00423729 0 0.0211864 0.947034 0.0275424 
0.0444915 0 0.0466102 0.879237 0.029661 
0.881356 0 0.0826271 0.0148305 0.0211864 
0.82839 0.00211864 0.0508475 0.0338983 0.0847458 
0.618644 0.0105932 0.127119 0.194915 0.0487288 
0.116525 0.00423729 0.79661 0.0317797 0.0508475 
0.53178 0 0.182203 0.110169 0.175847 
0.955508 0.0338983 0.00211864 0.00211864 0.00635593 
0.0741525 0.00847458 0.137712 0.0402542 0.739407 
0.0826271 0.0402542 0.82839 0.00635593 0.0423729 
0.169492 0.813559 0.00211864 0.00635593 0.00847458 
0.472458 0.447034 0.0444915 0.0127119 0.0233051 
0.129237 0.00211864 0.0550847 0.0720339 0.741525 
0.298729 0.633475 0.0402542 0.0105932 0.0169492 
0.065678 0.838983 0.0127119 0.0148305 0.0677966 
0.00423729 0 0.00211864 0.991525 0.00211864 
0.065678 0.00423729 0.904661 0.00635593 0.0190678 
0.112288 0.0211864 0.0699153 0.70339 0.0932203 
0.175847 0.0148305 0.211864 0.489407 0.108051 
0.648305 0.194915 0.0190678 0.0105932 0.127119 
0.0995763 0.0275424 0.112288 0.190678 0.569915 
0.0423729 0 0.0550847 0.705508 0.197034 
0.0254237 0.00635593 0.0911017 0.110169 0.766949 
0.0720339 0.0805085 0.682203 0.059322 0.105932 
0.686441 0.0677966 0.0932203 0.0423729 0.110169 
0.152542 0.800847 0.029661 0.00847458 0.00847458 
0.0889831 0.90678 0 0 0.00423729 
0.792373 0.00211864 0.131356 0.0233051 0.0508475 
0.0275424 0.00211864 0.0699153 0.207627 0.692797 
0.0677966 0.716102 0.108051 0.0317797 0.0762712 
0.728814 0.0783898 0.127119 0.00847458 0.0572034 
0.0360169 0.0211864 0.0148305 0.154661 0.773305 
0.0487288 0.877119 0.0254237 0.0190678 0.029661 
0.0508475 0.0105932 0.029661 0.855932 0.0529661 
0.167373 0.832627 0 0 0 
0.114407 0.0381356 0.692797 0.0762712 0.0783898 
0.737288 0.165254 0.0105932 0.0402542 0.0466102 
0.264831 0.0190678 0.0550847 0.114407 0.54661 
0.0190678 0.00211864 0.0995763 0.625 0.254237 
0.0190678 0.00211864 0.0190678 0.913136 0.0466102 
0.0444915 0.951271 0.00423729 0 0 
0.0889831 0.0444915 0.0847458 0.127119 0.654661 
0.0847458 0.830508 0.0127119 0.0148305 0.0572034 
0.180085 0.0275424 0.561441 0.0805085 0.150424 
0.0783898 0.0190678 0.0614407 0.652542 0.188559 
0.0889831 0.0466102 0.0275424 0.646186 0.190678 
0.0127119 0 0.0402542 0.783898 0.163136 
0.0529661 0.0211864 0.0148305 0.116525 0.794492 
0.0148305 0.00211864 0.0169492 0.95339 0.0127119 
0.0974576 0.855932 0.0169492 0.0190678 0.0105932 
0.199153 0.576271 0.0699153 0.0508475 0.103814 
0.0974576 0.0105932 0.0635593 0.650424 0.177966 
0.0529661 0.0105932 0.0614407 0.0444915 0.830508 
0.0508475 0.00847458 0.78178 0.0826271 0.0762712 
0.0911017 0 0.690678 0.112288 0.105932 
0.0720339 0.84322 0.0190678 0.0233051 0.0423729 
0.0529661 0.0127119 0.0614407 0.154661 0.71822 
0.0317797 0.961864 0 0 0.00635593 
0.182203 0.00635593 0.694915 0.0677966 0.0487288 
0.0105932 0.0105932 0.0932203 0.288136 0.597458 
0.0444915 0.932203 0.0169492 0 0.00635593 
0.00423729 0 0.00211864 0.985169 0.00847458 
0.610169 0.351695 0.0233051 0.00423729 0.0105932 
0.0402542 0.0190678 0.065678 0.141949 0.733051 
0.0444915 0.00211864 0.065678 0.608051 0.279661 
0.059322 0.0169492 0.743644 0.0487288 0.131356 
0.826271 0.00423729 0.120763 0.0127119 0.0360169 
0.0190678 0.0127119 0.220339 0.0889831 0.658898 
0.118644 0.00211864 0.105932 0.213983 0.559322 
0.065678 0.0233051 0.0762712 0.699153 0.135593 
0.0148305 0.985169 0 0 0 
0.913136 0.0148305 0.029661 0.0338983 0.00847458 
0.0805085 0.00635593 0.0444915 0.533898 0.334746 
0.122881 0.00211864 0.644068 0.182203 0.0487288 
0.00211864 0 0.0105932 0.972458 0.0148305 
0.0805085 0 0.504237 0.247881 0.167373 
0.169492 0.709746 0.0741525 0 0.0466102 
0.0720339 0.911017 0.0148305 0 0.00211864 
0.00423729 0 0.00423729 0.963983 0.0275424 
0.110169 0.563559 0.131356 0.0466102 0.148305 
0.201271 0.631356 0.118644 0.00847458 0.0402542 
0.00211864 0 0.0466102 0.775424 0.175847 
0.095339 0.902542 0.00211864 0 0 
0.947034 0.0148305 0.0360169 0 0.00211864 
0.0402542 0.00423729 0.0338983 0.0995763 0.822034 
0.0127119 0.00423729 0.0275424 0.0614407 0.894068 
0.00635593 0 0.0190678 0.184322 0.790254 
0.116525 0.739407 0.0783898 0.00847458 0.0572034 
0.0127119 0.985169 0.00211864 0 0 
0.603814 0.0381356 0.0932203 0.209746 0.0550847 
0.0699153 0.0275424 0.667373 0.0720339 0.163136 
0.131356 0.860169 0.00635593 0 0.00211864 
0.0699153 0.0190678 0.0677966 0.70339 0.139831 
0.0360169 0.00211864 0.101695 0.233051 0.627119 
0.137712 0.0211864 0.699153 0.0487288 0.0932203 
0.0148305 0 0.00847458 0.955508 0.0211864 
0.110169 0.877119 0 0.00211864 0.0105932 
0.0105932 0 0.00423729 0.972458 0.0127119 
0.146186 0.00847458 0.722458 0.0677966 0.0550847 
0.00847458 0 0.0338983 0.881356 0.0762712 
0.877119 0.0529661 0.065678 0.00423729 0 
0.652542 0.137712 0.0932203 0.059322 0.0572034 
0.0847458 0 0.0233051 0.879237 0.0127119 
0.451271 0.0127119 0.216102 0.101695 0.21822 
0.582627 0.105932 0.114407 0.059322 0.137712 
0.817797 0.0381356 0.112288 0.0105932 0.0211864 
0.0127119 0 0.0211864 0.0868644 0.879237 
0.15678 0.0169492 0.0974576 0.622881 0.105932 
0.101695 0.0105932 0.860169 0.00635593 0.0211864 
0.0127119 0 0.0105932 0.0783898 0.898305 
0.0487288 0.949153 0 0 0.00211864 
0.908898 0.0508475 0.0127119 0.00423729 0.0233051 
0.0741525 0.92161 0.00211864 0 0.00211864 
0.565678 0.0423729 0.095339 0.184322 0.112288 
0.0677966 0.0169492 0.101695 0.177966 0.635593 
0.427966 0.533898 0.0148305 0.00847458 0.0148305 
0.618644 0.0911017 0.0762712 0.0720339 0.141949 
0.0338983 0 0.0402542 0.879237 0.0466102 
0.150424 0.78178 0.0169492 0.00635593 0.0444915 
0.0127119 0.0127119 0.0741525 0.0423729 0.858051 
0.900424 0.0466102 0.029661 0.00423729 0.0190678 
0.0720339 0.0105932 0.0699153 0.762712 0.0847458 
0.809322 0.00211864 0.129237 0.0360169 0.0233051 
0.0148305 0 0.029661 0.889831 0.065678 
0.25 0.0974576 0.381356 0.0550847 0.216102 
0.663136 0.00847458 0.105932 0.137712 0.0847458 
0.0550847 0.00847458 0.690678 0.0974576 0.148305 
0.0572034 0.847458 0.0572034 0.0148305 0.0233051 
0.0550847 0.940678 0 0.00211864 0.00211864 
0.239407 0.095339 0.349576 0.0932203 0.222458 
0.548729 0.0317797 0.277542 0.0783898 0.0635593 
0.271186 0.70339 0.0190678 0 0.00635593 
0.0317797 0.963983 0 0 0.00423729 
0.0127119 0 0.0338983 0.79661 0.15678 
0.0826271 0.0169492 0.777542 0.0466102 0.0762712 
0.0402542 0 0.0720339 0.0423729 0.845339 
0.0360169 0.00211864 0.0508475 0.459746 0.451271 
0.580508 0.125 0.0741525 0.0190678 0.201271 
0.667373 0.175847 0.0614407 0.00423729 0.0911017 
0.737288 0.00423729 0.110169 0.0487288 0.0995763 
0.146186 0.00635593 0.673729 0.0572034 0.116525 
0.0889831 0.894068 0 0.00423729 0.0127119 
0.485169 0.0148305 0.294492 0.0889831 0.116525 
0.0169492 0 0.0190678 0.868644 0.095339 
0.0148305 0.00211864 0.00423729 0.0550847 0.923729 
0.0169492 0.00211864 0.101695 0.65678 0.222458 
0.0550847 0.923729 0.0148305 0 0.00635593 
0.122881 0.809322 0.0190678 0.00423729 0.0444915 
0.0614407 0.938559 0 0 0 
0.112288 0.0508475 0.114407 0.438559 0.283898 
0.0127119 0 0.0105932 0.936441 0.0402542 
0.444915 0.283898 0.0847458 0.0635593 0.122881 
0.118644 0.0190678 0.122881 0.0402542 0.699153 
0.735169 0.00423729 0.163136 0.0487288 0.0487288 
0.777542 0.0148305 0.118644 0.0127119 0.0762712 
0.0635593 0.92161 0.00635593 0.00211864 0.00635593 
0.0338983 0.966102 0 0 0 
0.0889831 0.0127119 0.622881 0.163136 0.112288 
0.152542 0.0423729 0.127119 0.0487288 0.629237 
0.0783898 0.00211864 0.5 0.298729 0.120763 
0.127119 0.866525 0.00423729 0.00211864 0 
0.059322 0 0.0275424 0.896186 0.0169492 
0.802966 0.186441 0.00211864 0.00211864 0.00635593 
0.0317797 0.00423729 0.110169 0.78178 0.0720339 
0.065678 0.00847458 0.0783898 0.591102 0.256356 
0.540254 0.0847458 0.167373 0.116525 0.0911017 
0.0105932 0 0.00847458 0.0254237 0.955508 
0.830508 0.0233051 0.0550847 0.0381356 0.0529661 
0.0487288 0.00635593 0.872881 0.0402542 0.0317797 
0.0889831 0.00211864 0.029661 0.699153 0.180085 
0.161017 0.822034 0.00847458 0 0.00847458 
0.137712 0.00847458 0.148305 0.497881 0.207627 
0.775424 0 0.0127119 0.17161 0.0402542 
0.889831 0.00423729 0.0487288 0.0529661 0.00423729 
0.902542 0 0.0550847 0.0105932 0.0317797 
0.822034 0 0.148305 0.0127119 0.0169492 
0.152542 0.0720339 0.694915 0.0233051 0.0572034 
0.182203 0.0233051 0.614407 0.0805085 0.0995763 
0.0741525 0.00847458 0.0635593 0.353814 0.5 
0.135593 0.849576 0.0148305 0 0 
0.277542 0.639831 0.0572034 0 0.0254237 
0.84322 0 0.0783898 0.0127119 0.065678 
0.0889831 0.00211864 0.245763 0.516949 0.146186 
0.849576 0.0805085 0.0275424 0.0233051 0.0190678 
0.0783898 0.0275424 0.065678 0.116525 0.711864 
0.0423729 0.0338983 0.489407 0.205508 0.228814 
0.0635593 0.029661 0.775424 0.0529661 0.0783898 
0.163136 0.832627 0.00211864 0 0.00211864 
0.951271 0.0148305 0.0169492 0.00847458 0.00847458 
0.00635593 0 0.0275424 0.0868644 0.879237 
0.190678 0.0466102 0.0614407 0.485169 0.216102 
0.0169492 0.00211864 0.0233051 0.864407 0.0932203 
0.870763 0.095339 0.0105932 0.0127119 0.0105932 
0.0254237 0.00847458 0.0190678 0.0572034 0.889831 
0.830508 0.161017 0 0.00211864 0.00635593 
0.858051 0.0381356 0.0550847 0.0105932 0.0381356 
0.798729 0.0360169 0.129237 0.0127119 0.0233051 
0.0805085 0.0423729 0.0317797 0.692797 0.152542 
0.108051 0.862288 0.00847458 0.00211864 0.0190678 
0.029661 0 0.065678 0.741525 0.163136 
0.0932203 0.00635593 0.0720339 0.199153 0.629237 
0.0148305 0 0.0211864 0.925847 0.0381356 
0.0550847 0.00635593 0.620763 0.0889831 0.228814 
0.0127119 0.980932 0.00423729 0 0.00211864 
0.0614407 0.0105932 0.855932 0.0169492 0.0550847 
0.0550847 0.942797 0 0.00211864 0 
0.095339 0.0211864 0.129237 0.315678 0.438559 
0.756356 0.0381356 0.0317797 0.0444915 0.129237 
0.0402542 0.936441 0.00635593 0.00211864 0.0148305 
0.0720339 0.0444915 0.059322 0.0381356 0.786017 
0.760593 0.118644 0.0529661 0.00211864 0.065678 
0.667373 0.0211864 0.0423729 0.0889831 0.180085 
0.673729 0.0169492 0.120763 0.0635593 0.125 
0.00847458 0.0105932 0.0275424 0.911017 0.0423729 
0.0762712 0.0190678 0.20339 0.0677966 0.633475 
0.686441 0.135593 0.0550847 0.0127119 0.110169 
0.807203 0.0487288 0.0444915 0.0211864 0.0783898 
0.0932203 0.0360169 0.0762712 0.0275424 0.766949 
0.029661 0.0105932 0.0783898 0.0847458 0.79661 
0.125 0.0190678 0.0826271 0.0720339 0.701271 
0.0932203 0.00423729 0.760593 0.0614407 0.0805085 
0.239407 0.0444915 0.588983 0.0190678 0.108051 
0.266949 0.125 0.411017 0.0932203 0.103814 
0.0338983 0 0.0169492 0.944915 0.00423729 
0.0720339 0.00423729 0.0932203 0.0487288 0.78178 
0.0381356 0.0127119 0.116525 0.661017 0.17161 
0.0677966 0 0.783898 0.0826271 0.065678 
0.029661 0.00635593 0.92161 0.0190678 0.0233051 
0.0444915 0 0.0741525 0.154661 0.726695 
0.0995763 0.885593 0.00635593 0.00211864 0.00635593 
0.0127119 0.00211864 0.029661 0.875 0.0805085 
0.0127119 0.00211864 0.0402542 0.347458 0.597458 
0.709746 0.188559 0.0466102 0.0211864 0.0338983 
0.127119 0.0275424 0.125 0.54661 0.173729 
0.0360169 0.00423729 0.0805085 0.190678 0.688559 
0.0402542 0.959746 0 0 0 
0.0127119 0 0.0275424 0.938559 0.0211864 
0.0826271 0.915254 0 0.00211864 0 
0.0360169 0.00211864 0.0699153 0.722458 0.169492 
0.0360169 0 0.885593 0.0550847 0.0233051 
0.506356 0.290254 0.0487288 0.0826271 0.0720339 
0.213983 0.0741525 0.506356 0.0847458 0.120763 
0.0127119 0 0.059322 0.705508 0.222458 
0.0317797 0.00423729 0.0911017 0.235169 0.637712 
0.0762712 0.00847458 0.0783898 0.0572034 0.779661 
0.0233051 0.961864 0.00211864 0.00211864 0.0105932 
0.0317797 0.00423729 0.0847458 0.70339 0.175847 
0.029661 0.0105932 0.0169492 0.0826271 0.860169 
0.116525 0.00211864 0.377119 0.283898 0.220339 
0.0868644 0 0.0550847 0.442797 0.415254 
0.059322 0.0868644 0.0508475 0.0572034 0.745763 
0.0338983 0 0.15678 0.180085 0.629237 
0.0381356 0.00423729 0.775424 0.133475 0.0487288 
0.029661 0.970339 0 0 0 
0.00847458 0 0.0105932 0.976695 0.00423729 
0.0889831 0.059322 0.629237 0.0169492 0.205508 
0.0402542 0.00423729 0.059322 0.230932 0.665254 
0.129237 0.0402542 0.146186 0.110169 0.574153 
0.0254237 0.0127119 0.690678 0.154661 0.116525 
0.0254237 0.970339 0.00211864 0 0.00211864 
0.667373 0.0741525 0.0932203 0.065678 0.0995763 
0.00847458 0.00423729 0.0381356 0.152542 0.79661 
0.154661 0.0169492 0.139831 0.423729 0.264831 
0.173729 0.637712 0.0868644 0.0211864 0.0805085 
0.0572034 0.942797 0 0 0 
0.0932203 0.00635593 0.542373 0.247881 0.110169 
0.141949 0.849576 0.00423729 0.00211864 0.00211864 
0.0805085 0.902542 0.0105932 0 0.00635593 
0.0254237 0 0.0254237 0.872881 0.0762712 
0.0148305 0 0.00635593 0.976695 0.00211864 
0.0635593 0.855932 0.0317797 0.0105932 0.0381356 
0.0317797 0.00211864 0.0826271 0.0529661 0.830508 
0.0423729 0.029661 0.131356 0.0508475 0.745763 
0.0275424 0 0.0614407 0.105932 0.805085 
0.108051 0.0275424 0.654661 0.101695 0.108051 
0.110169 0.029661 0.131356 0.152542 0.576271 
0.885593 0.0148305 0.0423729 0.0254237 0.0317797 
0.0211864 0 0.00847458 0.944915 0.0254237 
0.292373 0.0338983 0.508475 0.122881 0.0423729 
0.0381356 0.898305 0.0254237 0.0127119 0.0254237 
0.256356 0.65678 0.0148305 0.00847458 0.0635593 
0.59322 0.169492 0.141949 0.0360169 0.059322 
0.0148305 0 0.0360169 0.112288 0.836864 
0.877119 0.0529661 0.0233051 0.0190678 0.0275424 
0.0233051 0.029661 0.832627 0.0233051 0.0911017 
0.0466102 0.00211864 0.0699153 0.288136 0.59322 
0.0317797 0.00423729 0.0677966 0.116525 0.779661 
0.0211864 0.00635593 0.0105932 0.101695 0.860169 
0.0317797 0.963983 0.00211864 0 0.00211864 
0.0233051 0.959746 0.00423729 0.00211864 0.0105932 
0.118644 0.836864 0.0275424 0.00635593 0.0105932 
0.0402542 0.00211864 0.108051 0.0614407 0.788136 
0.0572034 0.00211864 0.82839 0.0677966 0.0444915 
0.0868644 0.872881 0.00847458 0.00423729 0.0275424 
0.0169492 0 0.0444915 0.459746 0.478814 
0.125 0.0105932 0.735169 0.0508475 0.0783898 
0.0508475 0.00211864 0.758475 0.110169 0.0783898 
0.110169 0.879237 0.00211864 0.00211864 0.00635593 
0.103814 0.00211864 0.0338983 0.290254 0.569915 
0.00211864 0 0.0148305 0.966102 0.0169492 
0.669492 0.00423729 0.211864 0.0148305 0.0995763 
0.779661 0.0169492 0.0423729 0.0529661 0.108051 
0.0275424 0.00423729 0.0127119 0.938559 0.0169492 
0.0550847 0.0169492 0.0677966 0.0677966 0.792373 
0.741525 0.133475 0.0211864 0.029661 0.0741525 
0.0847458 0.915254 0 0 0 
0.0995763 0.0423729 0.652542 0.0741525 0.131356 
0.0190678 0.00423729 0.118644 0.237288 0.620763 
0.40678 0.576271 0.00635593 0.00423729 0.00635593 
0.822034 0 0.0805085 0.0381356 0.059322 
0.961864 0.0127119 0.00635593 0.00847458 0.0105932 
0.0423729 0.00211864 0.0614407 0.101695 0.792373 
0.00847458 0 0.0614407 0.283898 0.646186 
0.0169492 0.0148305 0.135593 0.258475 0.574153 
0 0 0.00211864 0.991525 0.00635593 
0.0254237 0.0105932 0.0508475 0.838983 0.0741525 
0.065678 0 0.0423729 0.108051 0.783898 
0.0275424 0.963983 0.00211864 0.00211864 0.00423729 
0.0233051 0.00211864 0.0614407 0.629237 0.283898 
0.103814 0.813559 0.0699153 0.0105932 0.00211864 
0.0338983 0.00211864 0.0190678 0.936441 0.00847458 
0.616525 0.0127119 0.220339 0.108051 0.0423729 
0.0105932 0.987288 0 0 0.00211864 
0.029661 0.00211864 0.0889831 0.451271 0.427966 
0.0317797 0.00423729 0.860169 0.0402542 0.0635593 
0.146186 0 0.341102 0.0572034 0.455508 
0.0423729 0.947034 0.00211864 0.00423729 0.00423729 
0.699153 0.00211864 0.101695 0.180085 0.0169492 
0.175847 0.0402542 0.588983 0.0741525 0.120763 
0.699153 0.0550847 0.150424 0.0466102 0.0487288 
0.0826271 0.0148305 0.57839 0.065678 0.258475 
0.879237 0.0572034 0.0338983 0.00211864 0.0275424 
0.536017 0.45339 0.00211864 0 0.00847458 
0.0699153 0 0.108051 0.743644 0.0783898 
0.0381356 0 0.065678 0.154661 0.741525 
0.0105932 0 0.0127119 0.095339 0.881356 
0.870763 0.0317797 0.0423729 0.00635593 0.0487288 
0.0635593 0.029661 0.131356 0.122881 0.652542 
0.0572034 0.936441 0 0 0.00635593 
0.0508475 0.0148305 0.0487288 0.817797 0.0677966 
0.241525 0.00211864 0.0466102 0.610169 0.0995763 
0.747881 0.239407 0.00211864 0.00847458 0.00211864 
0.0402542 0.932203 0.00635593 0.00211864 0.0190678 
0.059322 0.00423729 0.0741525 0.455508 0.40678 
0.112288 0.00211864 0.173729 0.400424 0.311441 
0.701271 0.20339 0.0381356 0 0.0572034 
0.705508 0.00211864 0.0974576 0.133475 0.0614407 
0.510593 0.0233051 0.239407 0.163136 0.0635593 
0.108051 0.158898 0.0635593 0.0190678 0.650424 
0.0127119 0 0.059322 0.222458 0.705508 
0.885593 0.0868644 0.00211864 0.00847458 0.0169492 
0.0487288 0.00423729 0.133475 0.396186 0.417373 
0.0254237 0.00211864 0.029661 0.684322 0.258475 
0.0127119 0 0.0360169 0.860169 0.0911017 
0.0614407 0.00635593 0.0360169 0.815678 0.0805085 
0.0190678 0.00635593 0.0233051 0.158898 0.792373 
0.713983 0.0211864 0.163136 0.00847458 0.0932203 
0.029661 0 0.0338983 0.154661 0.78178 
0.0317797 0.966102 0.00211864 0 0 
0.110169 0.0105932 0.601695 0.114407 0.163136 
0.855932 0.0699153 0.0338983 0.0254237 0.0148305 
0.0148305 0.944915 0.00635593 0.00211864 0.0317797 
0.0466102 0.0317797 0.75 0.0508475 0.120763 
0.209746 0.716102 0.029661 0.0148305 0.029661 
0.0254237 0 0.0254237 0.934322 0.0148305 
0.745763 0.0423729 0.0275424 0.0911017 0.0932203 
0.0444915 0.0127119 0.0826271 0.292373 0.567797 
0.0720339 0 0.792373 0.0677966 0.0677966 
0.0720339 0.0190678 0.112288 0.233051 0.563559 
0.0995763 0.00211864 0.114407 0.186441 0.597458 
0.118644 0.0677966 0.0847458 0.0677966 0.661017 
0.0148305 0 0.0444915 0.247881 0.692797 
0.0211864 0.00635593 0.095339 0.709746 0.167373 
0.0338983 0.00211864 0.0487288 0.533898 0.381356 
0.771186 0.00847458 0.0741525 0.0529661 0.0932203 
0.0635593 0.887712 0.0254237 0.00423729 0.0190678 
0.858051 0.00423729 0.103814 0.0190678 0.0148305 
0.103814 0.883475 0.00211864 0.00847458 0.00211864 
0.00847458 0.989407 0 0 0.00211864 
0.129237 0.0211864 0.508475 0.0720339 0.269068 
0.095339 0.00211864 0.0148305 0.881356 0.00635593 
0.029661 0.00211864 0.029661 0.851695 0.0868644 
0.0148305 0.978814 0.00211864 0.00211864 0.00211864 
0.0105932 0 0.0169492 0.940678 0.0317797 
0.0275424 0 0.129237 0.514831 0.32839 
0.122881 0.0148305 0.0233051 0.0677966 0.771186 
0.0466102 0.0211864 0.167373 0.141949 0.622881 
0.819915 0.0550847 0.0614407 0.0233051 0.0402542 
0.0105932 0.00423729 0.00423729 0.96822 0.0127119 
0.0762712 0.00847458 0.576271 0.194915 0.144068 
0.165254 0.739407 0.0317797 0.0148305 0.0487288 
0.0402542 0.959746 0 0 0 
0.472458 0.0148305 0.220339 0.125 0.167373 
0.0105932 0.00211864 0.0699153 0.364407 0.552966 
0.0423729 0.00211864 0.127119 0.0995763 0.728814 
0.0338983 0.959746 0.00211864 0 0.00423729 
0.0783898 0.00423729 0.0699153 0.0699153 0.777542 
0.175847 0 0.161017 0.491525 0.17161 
0.0127119 0 0.0211864 0.0932203 0.872881 
0.0148305 0.00423729 0.792373 0.103814 0.0847458 
0.029661 0.959746 0.00211864 0 0.00847458 
0.824153 0.0826271 0.0317797 0.0254237 0.0360169 
0.0423729 0.00635593 0.817797 0.059322 0.0741525 
0.133475 0.855932 0.00635593 0.00423729 0 
0.131356 0 0.0444915 0.237288 0.586864 
0.0932203 0.00847458 0.0423729 0.116525 0.739407 
0.707627 0.0338983 0.141949 0.0402542 0.0762712 
0.0995763 0.0338983 0.709746 0.0508475 0.105932 
0.0699153 0.0127119 0.845339 0.0190678 0.0529661 
0.059322 0.00423729 0.165254 0.112288 0.658898 
0.0190678 0.00211864 0.0550847 0.114407 0.809322 
0.0233051 0.00847458 0.118644 0.141949 0.707627 
0.879237 0.00423729 0.0826271 0.00635593 0.0275424 
0.807203 0.180085 0.00423729 0.00635593 0.00211864 
0.0720339 0.0127119 0.826271 0.0275424 0.0614407 
0.0275424 0.959746 0.00847458 0.00211864 0.00211864 
0.0105932 0 0.0211864 0.919492 0.0487288 
0.0805085 0.0275424 0.70339 0.0974576 0.0911017 
0.0995763 0.0381356 0.572034 0.135593 0.154661 
0.00635593 0.991525 0.00211864 0 0 
0.0381356 0.00635593 0.103814 0.205508 0.646186 
0.930085 0.0381356 0.029661 0.00211864 0 
0.150424 0.743644 0.0402542 0.0148305 0.0508475 
0.0529661 0.944915 0.00211864 0 0 
0.680085 0.139831 0.0508475 0.0127119 0.116525 
0.0444915 0.00211864 0.059322 0.0635593 0.830508 
0.0275424 0.00423729 0.0360169 0.805085 0.127119 
0.129237 0.00211864 0.0423729 0.32839 0.497881 
0.0423729 0.0148305 0.118644 0.146186 0.677966 
0.0317797 0.00847458 0.167373 0.620763 0.17161 
0.0741525 0.00635593 0.175847 0.029661 0.713983 
0.0169492 0 0.0211864 0.925847 0.0360169 
0.0444915 0.00211864 0.0550847 0.851695 0.0466102 
0.108051 0.0444915 0.550847 0.0995763 0.197034 
0.0762712 0 0.0127119 0.875 0.0360169 
0.0762712 0.0826271 0.0317797 0.0741525 0.735169 
0.0783898 0.0105932 0.78178 0.0550847 0.0741525 
0.957627 0.0233051 0.00423729 0.00423729 0.0105932 
0.0169492 0 0.029661 0.773305 0.180085 
0.201271 0.0105932 0.574153 0.148305 0.065678 
0.79661 0.180085 0.0127119 0.00211864 0.00847458 
0.569915 0.192797 0.0720339 0.0572034 0.108051 
0.709746 0.220339 0.00847458 0.00423729 0.0572034 
0.769068 0.0360169 0.122881 0.0190678 0.0529661 
0.00635593 0 0.0360169 0.860169 0.0974576 
0.118644 0.879237 0.00211864 0 0 
0.756356 0.146186 0.0360169 0.0211864 0.0402542 
0.0254237 0.0423729 0.0677966 0.0317797 0.832627 
0.0233051 0.949153 0.0105932 0 0.0169492 
0.0868644 0.00847458 0.118644 0.150424 0.635593 
0.0402542 0.00423729 0.891949 0.0211864 0.0423729 
0.728814 0.0550847 0.0847458 0.0572034 0.0741525 
0.0444915 0 0.862288 0.0338983 0.059322 
0.0487288 0.0444915 0.771186 0.0444915 0.0911017 
0.0190678 0.927966 0.0317797 0.00211864 0.0190678 
0.737288 0.00423729 0.228814 0.00635593 0.0233051 
0.029661 0 0.065678 0.0762712 0.82839 
0.0444915 0.0148305 0.141949 0.0847458 0.713983 
0.0508475 0 0.639831 0.161017 0.148305 
0.0995763 0.00635593 0.0423729 0.847458 0.00423729 
0.199153 0.00847458 0.724576 0.0169492 0.0508475 
0.110169 0.0148305 0.777542 0.0402542 0.0572034 
0.150424 0.0444915 0.544492 0.122881 0.137712 
0.0720339 0.883475 0.00635593 0.00635593 0.0317797 
0.0572034 0.00423729 0.875 0.029661 0.0338983 
0.0720339 0.00423729 0.209746 0.0783898 0.635593 
0.506356 0.0169492 0.161017 0.0889831 0.226695 
0.0805085 0.0127119 0.0974576 0.0677966 0.741525 
0.0911017 0.00211864 0.667373 0.163136 0.0762712 
0.0381356 0.0338983 0.580508 0.101695 0.245763 
0.15678 0.00847458 0.724576 0.0423729 0.0677966 
0.00635593 0 0.00635593 0.974576 0.0127119 
0.0148305 0.00211864 0.0211864 0.883475 0.0783898 
0.0635593 0.0233051 0.0720339 0.059322 0.78178 
0.0720339 0.00847458 0.766949 0.0911017 0.0614407 
0.684322 0.00423729 0.233051 0.0338983 0.0444915 
0.0360169 0.0105932 0.0233051 0.427966 0.502119 
0.0783898 0.879237 0.029661 0 0.0127119 
0.0105932 0.989407 0 0 0 
0.137712 0.00635593 0.0550847 0.752119 0.0487288 
0.0211864 0 0.911017 0.0360169 0.0317797 
0.0508475 0.00211864 0.127119 0.0190678 0.800847 
0.0338983 0.936441 0.00423729 0.00423729 0.0211864 
0.0805085 0.00847458 0.108051 0.0868644 0.716102 
0.0572034 0.0148305 0.029661 0.154661 0.743644 
0.0805085 0.0105932 0.0889831 0.0360169 0.783898 
0.112288 0 0.101695 0.29661 0.489407 
0.0529661 0.0190678 0.845339 0.0275424 0.0550847 
0.0338983 0.00211864 0.0360169 0.190678 0.737288 
0.654661 0.243644 0.059322 0.00635593 0.0360169 
0.059322 0.00211864 0.813559 0.0614407 0.0635593 
0.0529661 0.0275424 0.120763 0.601695 0.197034 
0.0211864 0.00847458 0.0338983 0.383475 0.552966 
0.00635593 0 0.00423729 0.976695 0.0127119 
0.00635593 0.00211864 0.00635593 0.944915 0.0402542 
0.0360169 0.00635593 0.0762712 0.0317797 0.849576 
0.0381356 0.00211864 0.0508475 0.283898 0.625 
0.00423729 0.00211864 0.029661 0.0677966 0.896186 
0.0868644 0.0572034 0.673729 0.0826271 0.0995763 
0.148305 0.290254 0.20339 0.095339 0.262712 
0.0550847 0.0105932 0.855932 0.0381356 0.0402542 
0.0699153 0.0127119 0.722458 0.095339 0.0995763 
0.809322 0.141949 0.0275424 0.00635593 0.0148305 
0.0254237 0.00211864 0.0211864 0.925847 0.0254237 
0.186441 0.0169492 0.139831 0.480932 0.175847 
0.563559 0.322034 0.0572034 0.0211864 0.0360169 
0.108051 0 0.105932 0.561441 0.224576 
0.184322 0.0889831 0.110169 0.0889831 0.527542 
0.0868644 0.00211864 0.182203 0.644068 0.0847458 
0.0381356 0 0.0741525 0.0677966 0.819915 
0.239407 0.0190678 0.595339 0.116525 0.029661 
0.379237 0.616525 0 0 0.00423729 
0.105932 0 0.849576 0.0148305 0.029661 
0.059322 0.940678 0 0 0 
0.133475 0.00847458 0.0508475 0.222458 0.584746 
0.0995763 0.0360169 0.0572034 0.125 0.682203 
0.0211864 0.00211864 0.92161 0.0148305 0.0402542 
0.00423729 0 0.00423729 0.983051 0.00847458 
0.150424 0.00423729 0.682203 0.0529661 0.110169 
0.0889831 0.904661 0 0 0.00635593 
0.186441 0.0572034 0.70339 0.0190678 0.0338983 
0.233051 0.760593 0.00423729 0.00211864 0 
0.00635593 0 0.0317797 0.0995763 0.862288 
0.502119 0.260593 0.0911017 0.0254237 0.120763 
0.0127119 0 0.0550847 0.866525 0.065678 
0.0529661 0.940678 0.00211864 0 0.00423729 
0.192797 0.00847458 0.572034 0.120763 0.105932 
0.650424 0.0360169 0.169492 0.059322 0.0847458 
0.0677966 0.0148305 0.747881 0.0805085 0.0889831 
0.0211864 0.00423729 0.226695 0.360169 0.387712 
0.167373 0.383475 0.209746 0.0847458 0.154661 
0.0635593 0.00211864 0.103814 0.771186 0.059322 
