0.164384 0.125778 0.395392 0.00435866 0.275218 0.0261519 0.00871731 
0.365504 0.132005 0.485056 0 0.00249066 0.0143213 0.000622665 
0.0305106 0.64944 0.0242839 0.00560399 0.0448319 0.00933998 0.23599 
0.0740971 0.0653798 0.836239 0.000622665 0.0143213 0.00871731 0.000622665 
0.16812 0.353674 0.451432 0.00249066 0.0161893 0.00498132 0.00311333 
0.427771 0.0628892 0.334371 0 0.0224159 0.152553 0 
0.00996264 0.00373599 0.00933998 0.955791 0.0205479 0.000622665 0 
0.00622665 0.0205479 0.00622665 0.945205 0.0118306 0.00498132 0.00498132 
0.320672 0.0591532 0.473225 0.001868 0.0410959 0.101494 0.00249066 
0.216065 0.0124533 0.138232 0.00124533 0.0155666 0.613948 0.00249066 
0 0.011208 0.000622665 0.986924 0.000622665 0.000622665 0 
0.0404732 0.732877 0.0199253 0.0404732 0.0983811 0.0678705 0 
0.250934 0.0361146 0.17995 0.000622665 0.145081 0.371731 0.0155666 
0.432752 0.267123 0.0996264 0.00124533 0.176837 0.0193026 0.00311333 
0.0205479 0.652553 0.00747198 0 0.0491905 0.268991 0.00124533 
0.0342466 0.551059 0.0354919 0.00684932 0.264633 0.0635118 0.0442092 
0.00996264 0.0205479 0.0261519 0.921544 0.00871731 0.00622665 0.00684932 
0.0224159 0.0174346 0.889166 0.0174346 0.0118306 0.0417186 0 
0.0261519 0.0317559 0.00747198 0.8599 0.0572852 0.0143213 0.00311333 
0.00435866 0.00249066 0.013076 0.958281 0.00373599 0.0143213 0.00373599 
0.117684 0.183686 0.0958904 0.000622665 0.0280199 0.570984 0.00311333 
0.0865504 0.185554 0.564757 0.00249066 0.124533 0.0305106 0.00560399 
0.155044 0.0410959 0.765255 0 0.001868 0.0342466 0.00249066 
0.145081 0.123288 0.631382 0 0.0896638 0.00809465 0.00249066 
0.0448319 0.399751 0.0784558 0.013076 0.39726 0.0579078 0.00871731 
0.158157 0.199253 0.19863 0.0155666 0.227273 0.171856 0.0292653 
0.00249066 0.0249066 0.00933998 0.963263 0 0 0 
0.0498132 0.00560399 0.861146 0.00311333 0.00249066 0.0759651 0.001868 
0.0990037 0.539228 0.273973 0.000622665 0.0535492 0.0311333 0.00249066 
0.00809465 0.0641345 0.00622665 0 0.0105853 0.910959 0 
0.0199253 0.0759651 0.00684932 0 0.00498132 0.891656 0.000622665 
0.0697385 0.0417186 0.805729 0.00435866 0.0603985 0.016812 0.00124533 
0.0273973 0.594022 0.0155666 0.000622665 0.349315 0.00809465 0.00498132 
0.163138 0.206102 0.597758 0 0.00809465 0.0249066 0 
0.0273973 0.140722 0.116438 0.00871731 0.360523 0.333126 0.013076 
0.125156 0.132628 0.570984 0.016812 0.0884184 0.0361146 0.0298879 
0.0435866 0.181818 0.0491905 0.00435866 0.353674 0.358655 0.00871731 
0.106476 0.590909 0.0535492 0.00124533 0.139477 0.0535492 0.0547945 
0.13325 0.0672478 0.655044 0.000622665 0.0292653 0.108344 0.00622665 
0.470735 0.0448319 0.3132 0 0.00373599 0.166252 0.00124533 
0.00871731 0.198007 0 0 0.0280199 0.761519 0.00373599 
0.118929 0.500623 0.0965131 0.00560399 0.241594 0.0323786 0.00435866 
0.10274 0.288917 0.111457 0.0305106 0.376712 0.0336239 0.0560399 
0.0417186 0.323786 0.0641345 0.01868 0.108344 0.0435866 0.399751 
0.324408 0.0199253 0.323163 0.0342466 0.00747198 0.288917 0.001868 
0.0547945 0.192403 0.696762 0.000622665 0.0224159 0.0330012 0 
0.14259 0.0242839 0.804483 0 0.0199253 0.00871731 0 
0.00560399 0.0585305 0.0261519 0.793898 0.0635118 0.0473225 0.00498132 
0.0379826 0.321295 0.0342466 0.0155666 0.536115 0.0417186 0.013076 
0.00933998 0.0884184 0.00747198 0 0.887298 0.00498132 0.00249066 
0.0504359 0.0410959 0.892902 0.00124533 0.00871731 0.00373599 0.001868 
0.00622665 0.0280199 0.0273973 0.9066 0.0217933 0.00249066 0.00747198 
0.165006 0.193026 0.328767 0.00498132 0.255915 0.0398506 0.0124533 
0.0635118 0.0417186 0.0323786 0 0.0292653 0.823163 0.00996264 
0.190535 0.00373599 0.778954 0 0.0180573 0.00498132 0.00373599 
0.104608 0.309465 0.0952677 0.0466999 0.377958 0.0504359 0.0155666 
0.0485679 0.01868 0.907846 0.001868 0.0155666 0.00622665 0.00124533 
0 0.001868 0 0 0 0 0.998132 
0.0479452 0.597758 0.0280199 0.0909091 0.0697385 0.162516 0.00311333 
0.390411 0.0124533 0.576588 0.00684932 0.00809465 0.00560399 0 
0.0286426 0.0404732 0.00311333 0 0.00435866 0.923412 0 
0.0933998 0.521171 0.0224159 0.00684932 0.336862 0.013076 0.00622665 
0.01868 0.68929 0.011208 0.001868 0.231009 0.0255293 0.0224159 
0.234122 0.013076 0.665006 0 0.0815691 0.00435866 0.001868 
0.0616438 0.148194 0.00435866 0 0.0765878 0.704857 0.00435866 
0.309465 0.120174 0.543587 0 0.013076 0.0136986 0 
0.0479452 0.630137 0.0305106 0.00435866 0.264633 0.011208 0.011208 
0.0379826 0.156912 0.0865504 0.156912 0.0740971 0.0286426 0.458904 
0.247198 0.0442092 0.451432 0.00435866 0.206102 0.0286426 0.0180573 
0.0759651 0.377335 0.0691158 0.0193026 0.278331 0.128269 0.0516812 
0.0965131 0.24533 0.512453 0.011208 0.10274 0.0205479 0.011208 
0.0846824 0.001868 0.891034 0 0.0124533 0.00933998 0.000622665 
0.0230386 0.116438 0.0305106 0 0.820672 0.00435866 0.00498132 
0.0161893 0.00747198 0.0174346 0.38792 0.0174346 0.00124533 0.552304 
0.0180573 0.417186 0.529888 0.00249066 0.0136986 0.0143213 0.00435866 
0.0224159 0.0703611 0.0572852 0.743462 0.0772105 0.0205479 0.00871731 
0.001868 0.00498132 0.0174346 0.952677 0.00933998 0.013076 0.000622665 
0.287671 0.204857 0.475716 0.00311333 0.0105853 0.011208 0.00684932 
0.12142 0.285803 0.569116 0.000622665 0.0155666 0.00435866 0.00311333 
0.232254 0.0217933 0.462017 0.000622665 0.252802 0.0305106 0 
0 0.00311333 0.0249066 0.945828 0.00996264 0.00871731 0.00747198 
0.21731 0.0647572 0.628892 0.00124533 0.00871731 0.0610212 0.0180573 
0.001868 0.00933998 0.00871731 0.00124533 0.00684932 0.00249066 0.969489 
0.00622665 0.0747198 0.0217933 0.77335 0.112702 0.00498132 0.00622665 
0.0523039 0.701121 0.014944 0.00933998 0.209215 0.00933998 0.00373599 
0.0392279 0.536115 0.0124533 0.001868 0.379203 0.0205479 0.0105853 
0.00311333 0 0 0.994396 0.00124533 0 0.00124533 
0.351806 0.0803238 0.196762 0.00124533 0.14259 0.224782 0.00249066 
0.251557 0.0585305 0.340598 0.000622665 0.113948 0.234745 0 
0.00684932 0.00373599 0.0105853 0.963885 0.00249066 0.00622665 0.00622665 
0.31071 0.219801 0.382939 0 0.0529265 0.0317559 0.001868 
0.143836 0.173724 0.163761 0.219801 0.159402 0.0747198 0.0647572 
0.0199253 0.00747198 0.00311333 0.967621 0.00124533 0.000622665 0 
0.00311333 0.0305106 0.001868 0.000622665 0.00124533 0.957036 0.00560399 
0.118929 0.476339 0.0678705 0.0118306 0.285803 0.0286426 0.0105853 
0.0211706 0.189913 0.0921544 0.511208 0.125778 0.0435866 0.0161893 
0.156289 0.606476 0.00684932 0 0.0996264 0.128892 0.001868 
0.00249066 0.0547945 0.00622665 0 0.927771 0.00684932 0.001868 
0.266501 0.150685 0.182441 0.0448319 0.225405 0.0747198 0.0554172 
0.303861 0.0217933 0.60274 0.00124533 0.0554172 0.00933998 0.00560399 
0.401619 0.214819 0.0747198 0.00684932 0.165629 0.109589 0.0267746 
0.110834 0.235367 0.374844 0.0529265 0.16127 0.0442092 0.0205479 
0.0491905 0.0510585 0.0286426 0.731009 0.0884184 0.0311333 0.0205479 
0.0392279 0.242217 0.0255293 0.0143213 0.231009 0.0336239 0.414072 
0 0.00249066 0.00747198 0.990037 0 0 0 
0.179328 0.108966 0.154421 0.372354 0.157534 0.0249066 0.00249066 
0.0983811 0.0305106 0.691158 0.0230386 0.0616438 0.0940224 0.00124533 
0.0193026 0.26401 0.120797 0.11208 0.35056 0.0740971 0.0591532 
0.297634 0.0211706 0.295143 0 0.00622665 0.376712 0.00311333 
0.36675 0.0398506 0.503736 0.000622665 0.0728518 0.00809465 0.00809465 
0.0255293 0.513076 0.0784558 0.0323786 0.0840598 0.0124533 0.254047 
0.0784558 0.252179 0.111457 0.0193026 0.263387 0.0498132 0.225405 
0.00560399 0.0292653 0.0249066 0.909091 0.00871731 0.014944 0.00747198 
0.0958904 0.492528 0.15193 0.000622665 0.0591532 0.185554 0.0143213 
0.15193 0.0317559 0.0716065 0.00249066 0.702366 0.0217933 0.0180573 
0.0398506 0.0840598 0.516812 0.00373599 0.178082 0.17746 0 
0.103985 0.0174346 0.496887 0 0.00622665 0.00311333 0.372354 
0.300125 0.213574 0.305729 0.00373599 0.0790785 0.0946451 0.00311333 
0.0716065 0.594022 0.0709838 0.000622665 0.209215 0.0417186 0.0118306 
0.0242839 0.669365 0.0311333 0.00435866 0.145704 0.0242839 0.100872 
0.001868 0.00684932 0.980697 0 0.001868 0.00871731 0 
0.0840598 0.352428 0.0579078 0.0230386 0.414072 0.0572852 0.011208 
0.0591532 0.446451 0.0529265 0.0435866 0.16812 0.111457 0.118306 
0.00435866 0.0261519 0.00498132 0.00311333 0.0105853 0.000622665 0.950187 
0.0180573 0.0136986 0.0317559 0.719178 0.18929 0.01868 0.00933998 
0.284558 0.123288 0.143836 0.0136986 0.257161 0.141345 0.0361146 
0.0211706 0.0155666 0.947073 0 0.0105853 0.00373599 0.001868 
0.0280199 0.485056 0.0952677 0.0298879 0.30137 0.0379826 0.0224159 
0.00747198 0.00622665 0.00249066 0.970735 0.00622665 0.00435866 0.00249066 
0.00871731 0.00871731 0.0292653 0.921544 0.0273973 0.001868 0.00249066 
0.126401 0.0124533 0.623288 0 0.00498132 0.232877 0 
0.0404732 0.527397 0.0566625 0.0124533 0.32254 0.0286426 0.0118306 
0.00249066 0 0.001868 0.988792 0.00560399 0.000622665 0.000622665 
0.00311333 0.000622665 0 0.993773 0.00124533 0.00124533 0 
0.0292653 0.626401 0.0236613 0.00311333 0.287671 0.00996264 0.0199253 
0.659402 0.0597758 0.202366 0 0.0267746 0.0516812 0 
0.0566625 0.0398506 0.0392279 0.832503 0.0193026 0.00871731 0.00373599 
0.0361146 0.488792 0.0273973 0.00249066 0.259651 0.165629 0.0199253 
0.0286426 0.0255293 0.0317559 0.001868 0.0242839 0.887298 0.000622665 
0.174346 0.0510585 0.520548 0.00622665 0.0311333 0.212951 0.00373599 
0.29203 0.0118306 0.0728518 0 0.00684932 0.616438 0 
0.0560399 0.0902864 0.0815691 0.00124533 0.454545 0.315691 0.000622665 
0.00435866 0.0386052 0.0236613 0.858655 0.0348692 0.0174346 0.0224159 
0.0572852 0.138232 0.726027 0.00124533 0.0485679 0.0273973 0.00124533 
0.00249066 0.912827 0.0267746 0 0.0454545 0.00747198 0.00498132 
0.00996264 0.238481 0.0105853 0.00622665 0.711706 0.0143213 0.00871731 
0.0784558 0.00933998 0.877335 0 0.011208 0.0236613 0 
0.491905 0.0678705 0.0118306 0.00622665 0.188667 0.233499 0 
0.319427 0.0193026 0.524284 0.000622665 0.0267746 0.0354919 0.0740971 
0.429639 0.0797011 0.310087 0 0.0516812 0.128892 0 
0.106476 0.296389 0.0155666 0.000622665 0.01868 0.555417 0.00684932 
0.377335 0.17746 0.381694 0.000622665 0.0448319 0.0155666 0.00249066 
0.1401 0.158157 0.354296 0.178082 0.0547945 0.0946451 0.0199253 
0.0398506 0.418431 0.162516 0.0136986 0.166252 0.0591532 0.1401 
0.387298 0.102117 0.496887 0 0.00498132 0.00747198 0.00124533 
0.00622665 0.0217933 0.00684932 0 0.00124533 0.963885 0 
0.0317559 0.160648 0.0217933 0.00311333 0.0491905 0.731009 0.00249066 
0.215442 0.0516812 0.549813 0 0.0616438 0.12142 0 
0.0298879 0.00871731 0.0124533 0.9066 0.0273973 0.014944 0 
0.0747198 0.468244 0.135118 0.0498132 0.136364 0.0921544 0.0435866 
0.0336239 0.298257 0.17746 0.00373599 0.449564 0.0180573 0.0193026 
0.0460772 0.576588 0.0635118 0.011208 0.243462 0.0267746 0.0323786 
0.189913 0.0348692 0.465131 0.00684932 0.00622665 0.297011 0 
0.00373599 0.00124533 0.000622665 0 0.000622665 0.000622665 0.993151 
0.0790785 0.0965131 0.787049 0 0.00622665 0.0292653 0.001868 
0.0398506 0.476339 0.0566625 0.00498132 0.300125 0.0915318 0.0305106 
0 0.001868 0.00933998 0.983188 0.00249066 0.00311333 0 
0.0292653 0.0386052 0.0622665 0.808842 0.0491905 0.00311333 0.00871731 
0.166874 0.0516812 0.496264 0.0367372 0.01868 0.229141 0.000622665 
0.0896638 0.252802 0.104608 0.176837 0.276463 0.0896638 0.00996264 
0.0193026 0.424035 0.0516812 0.00249066 0.216065 0.00622665 0.280199 
0.155044 0.0890411 0.582814 0.001868 0.145081 0.0242839 0.001868 
0.0709838 0.00622665 0.895392 0 0.00871731 0.0180573 0.000622665 
0.0965131 0.17995 0.186177 0.176837 0.275841 0.0616438 0.0230386 
0.124533 0.245953 0.0915318 0.0336239 0.429639 0.0442092 0.0305106 
0.00435866 0.0996264 0.00373599 0.000622665 0.87858 0.011208 0.001868 
0.00124533 0.00560399 0.00311333 0.980697 0.00871731 0.000622665 0 
0.00124533 0.001868 0.001868 0.000622665 0.00311333 0.00249066 0.988792 
0.0516812 0.526152 0.0255293 0.0896638 0.0510585 0.252802 0.00311333 
0.285181 0.125156 0.553549 0.000622665 0.0298879 0.00560399 0 
0.0354919 0.0224159 0.182441 0.714819 0.0354919 0.00809465 0.00124533 
0.00435866 0.0323786 0.0504359 0 0.001868 0.000622665 0.910336 
0.0965131 0.0205479 0.844956 0 0.0155666 0.0217933 0.000622665 
0.187422 0.249689 0.323163 0.0124533 0.127646 0.0479452 0.0516812 
0.016812 0.232254 0.0261519 0.00249066 0.0853051 0.0323786 0.604608 
0.0105853 0.180573 0.00560399 0 0.797634 0.00311333 0.00249066 
0.10274 0.313823 0.321918 0.0180573 0.169988 0.0523039 0.0211706 
0.000622665 0.00124533 0.00249066 0 0.00311333 0.000622665 0.991905 
0.0330012 0.294521 0.0336239 0.00373599 0.603985 0.0267746 0.00435866 
0.0466999 0.346202 0.160648 0.0697385 0.315068 0.0361146 0.0255293 
0.135741 0.283935 0.183064 0.0236613 0.199875 0.139477 0.0342466 
0.0485679 0.0342466 0.00124533 0.907846 0.00684932 0.00124533 0 
0.107721 0.0927771 0.678082 0.00373599 0.0896638 0.0155666 0.0124533 
0.0952677 0.135741 0.310087 0.00435866 0.301993 0.132005 0.0205479 
0.0305106 0.0280199 0.91345 0.001868 0.0211706 0.001868 0.00311333 
0.0753425 0.0199253 0.892902 0 0.00249066 0.00933998 0 
0.0143213 0 0.000622665 0.977584 0.00435866 0.00311333 0 
0.0305106 0.0485679 0.0317559 0.820672 0.0622665 0.00622665 0 
0.0155666 0.171233 0.00435866 0 0.768369 0.0323786 0.00809465 
0.111457 0.0136986 0.84807 0 0.0261519 0.000622665 0 
0.299502 0.162516 0.513076 0.000622665 0.00933998 0.014944 0 
0.0217933 0.00996264 0.947073 0 0.00435866 0.016812 0 
0.0716065 0.354919 0.513699 0.00249066 0.0124533 0.0442092 0.000622665 
0.0622665 0.146326 0.00560399 0 0.00622665 0.777086 0.00249066 
0.0840598 0.204857 0.238481 0.110212 0.273973 0.0660025 0.0224159 
0.0697385 0.0292653 0.834994 0.001868 0.0429639 0.016812 0.00435866 
0.0554172 0.0105853 0.883562 0.00373599 0.00809465 0.0386052 0 
0.0305106 0.157534 0.0199253 0.0921544 0.673101 0.0161893 0.0105853 
0.0379826 0.00809465 0.00809465 0.933375 0.00996264 0.001868 0.000622665 
0.0977584 0.0610212 0.00311333 0 0.00622665 0.831258 0.000622665 
0.0491905 0.62391 0.0292653 0.00996264 0.182441 0.0983811 0.00684932 
0.0491905 0.237235 0.0940224 0.00124533 0.575342 0.0280199 0.014944 
0.001868 0.933998 0.001868 0 0.0597758 0.00249066 0 
0.0180573 0.716065 0.0423412 0.00933998 0.181818 0.0224159 0.00996264 
0.0367372 0.3132 0.0896638 0.00933998 0.438979 0.0591532 0.0529265 
0.0392279 0.332503 0.604608 0 0.0174346 0.00560399 0.000622665 
0.0429639 0.0118306 0.00933998 0.930884 0.00435866 0 0.000622665 
0.306351 0.400374 0.172478 0.00124533 0.0635118 0.0523039 0.00373599 
0.0728518 0.557285 0.117061 0.00747198 0.210461 0.0205479 0.0143213 
0.165006 0.0136986 0.757161 0.000622665 0.0429639 0.0199253 0.000622665 
0.00435866 0.00373599 0.000622665 0.972603 0.00684932 0.00871731 0.00311333 
0.144458 0.102117 0.582192 0 0.0597758 0.111457 0 
0.153798 0.0541719 0.615193 0.000622665 0.155044 0.00933998 0.0118306 
0.001868 0.00747198 0.00996264 0.392279 0.00933998 0.00622665 0.572852 
0.0249066 0.47198 0.0392279 0.00124533 0.42528 0.0236613 0.0136986 
0.143213 0.0977584 0.446451 0.0560399 0.230386 0.0211706 0.00498132 
0.00311333 0.00249066 0.0143213 0.971357 0.00809465 0.000622665 0 
0.0653798 0.608966 0.00747198 0 0.0610212 0.252802 0.00435866 
0.00747198 0.00684932 0.978829 0 0.00249066 0.00311333 0.00124533 
0.12391 0.374844 0.424658 0 0.014944 0.0597758 0.001868 
0.0896638 0.0249066 0.864259 0.00124533 0.00498132 0.011208 0.00373599 
0.273973 0.233499 0.13325 0.0261519 0.162516 0.13325 0.0373599 
0.0709838 0.440224 0.0423412 0.000622665 0.17061 0.0361146 0.239103 
0.0211706 0.335616 0.0236613 0.00435866 0.552304 0.0491905 0.0136986 
0.0136986 0.0267746 0.0193026 0 0.889788 0.0498132 0.000622665 
0.172478 0.178705 0.201743 0.0498132 0.0354919 0.00747198 0.354296 
0.0386052 0.00684932 0.941469 0 0.011208 0.001868 0 
0.118306 0.136364 0.501868 0.159402 0.0579078 0.0255293 0.000622665 
0.0311333 0.466999 0.0859278 0.0136986 0.153176 0.120797 0.128269 
0.313823 0.0890411 0.533001 0.000622665 0.0466999 0.0136986 0.00311333 
0.001868 0.00933998 0.966999 0.000622665 0.0174346 0.00373599 0 
0.0236613 0.106476 0.0236613 0.00373599 0.0660025 0.0591532 0.71731 
0.0336239 0.127024 0.0286426 0.490037 0.257783 0.01868 0.0442092 
0.00124533 0.0199253 0.00373599 0 0.0361146 0.00124533 0.937733 
0.0940224 0.222291 0.0529265 0.242839 0.197385 0.157534 0.0330012 
0.0105853 0.00747198 0.00809465 0.93213 0.0336239 0.00435866 0.00373599 
0.115193 0.0815691 0.795143 0 0.00622665 0.00124533 0.000622665 
0.00747198 0.242217 0.0224159 0.0118306 0.400996 0.295766 0.0193026 
0.011208 0.0305106 0.00124533 0 0.00311333 0.9533 0.000622665 
0.0286426 0.242839 0.00498132 0 0.678082 0.0423412 0.00311333 
0.0572852 0 0.00933998 0.930884 0 0.001868 0.000622665 
0.0585305 0.612702 0.0124533 0.00373599 0.220423 0.0747198 0.0174346 
0.0317559 0.731631 0.0136986 0.00560399 0.0236613 0.0410959 0.152553 
0.0809465 0.0230386 0.492528 0.0311333 0.0379826 0.333126 0.00124533 
0.0255293 0.00933998 0.917186 0.00311333 0.00809465 0.0367372 0 
0.0442092 0.402864 0.0286426 0.000622665 0.506849 0.00871731 0.00809465 
0.0442092 0.0305106 0.0709838 0 0.01868 0.833126 0.00249066 
0.169365 0.233499 0.468867 0.00373599 0.100249 0.00809465 0.0161893 
0.156912 0.0616438 0.396015 0.0442092 0.0379826 0.302615 0.000622665 
0.0105853 0.0242839 0.0273973 0.917186 0.0155666 0.00124533 0.00373599 
0 0 0.000622665 0 0.00124533 0 0.998132 
0.0236613 0.0523039 0.0155666 0.812578 0.0691158 0.0136986 0.013076 
0.115193 0.336862 0.00311333 0.00933998 0.00809465 0.527397 0 
0.248443 0.219178 0.450809 0.00249066 0.0498132 0.0267746 0.00249066 
0.178705 0.129514 0.381694 0.00871731 0.0790785 0.216065 0.00622665 
0.0722291 0.572229 0.304483 0.0286426 0.0199253 0.001868 0.000622665 
0.0136986 0.0255293 0.00373599 0.902864 0.0180573 0.0261519 0.00996264 
0.0224159 0.0211706 0.0161893 0.872354 0.0180573 0.0174346 0.0323786 
0.001868 0.000622665 0.00311333 0.991905 0.000622665 0.00124533 0.000622665 
0.0217933 0.0541719 0.0373599 0.719178 0.140722 0.013076 0.0136986 
0.11208 0.358032 0.193026 0.0547945 0.234745 0.0230386 0.0242839 
0.00871731 0.0211706 0.0249066 0.844334 0.0460772 0.0143213 0.0404732 
0.374844 0.0747198 0.243462 0.00311333 0.256538 0.0398506 0.00747198 
0.0354919 0.00747198 0.001868 0 0.00809465 0.947073 0 
0.016812 0.592154 0.0155666 0.00747198 0.0547945 0.309465 0.00373599 
0.0118306 0.0193026 0.00684932 0.936488 0.00684932 0.00996264 0.00871731 
0.135118 0.117061 0.0105853 0.00124533 0.0547945 0.678082 0.00311333 
0.125156 0.384184 0.0566625 0.00684932 0.314446 0.100872 0.0118306 
0.0815691 0.0136986 0.892902 0.00124533 0.001868 0.00871731 0 
0.00373599 0.00373599 0 0 0.001868 0.000622665 0.990037 
0.0230386 0.139477 0.0230386 0.00311333 0.00809465 0.778954 0.0242839 
0.203611 0.00871731 0.75467 0.00124533 0.0224159 0.00933998 0 
0.0585305 0.467621 0.102117 0.00622665 0.32254 0.0174346 0.0255293 
0.00560399 0.00498132 0.00871731 0.00249066 0.0105853 0.00124533 0.966376 
0.219178 0.0105853 0.636364 0.00684932 0.00809465 0.117684 0.00124533 
0.239103 0.0180573 0.643836 0 0.0261519 0.0709838 0.001868 
0.311955 0.305729 0.224159 0.00435866 0.110834 0.0242839 0.01868 
0.0373599 0.666874 0.0211706 0.0280199 0.154421 0.0697385 0.0224159 
0.0871731 0.0273973 0.000622665 0 0.0105853 0.866127 0.00809465 
0.155044 0.336239 0.146326 0.00996264 0.262142 0.0697385 0.0205479 
0.00871731 0.0255293 0.0392279 0.892902 0.0205479 0.00684932 0.00622665 
0.174346 0.366127 0.428394 0.001868 0.0155666 0.0124533 0.00124533 
0.0404732 0.360523 0.0417186 0.0392279 0.373599 0.108344 0.0361146 
0.356164 0.277086 0.0940224 0 0.0161893 0.255915 0.000622665 
0.217933 0.0466999 0.629514 0.00124533 0.0379826 0.0660025 0.000622665 
0.128892 0.422167 0.0305106 0 0.237858 0.178082 0.00249066 
0.0205479 0.585928 0.0317559 0.0261519 0.0784558 0.183064 0.0740971 
0.0273973 0.401619 0.0273973 0.00249066 0.382316 0.0155666 0.143213 
0.0305106 0.37609 0.0797011 0.39477 0.105853 0.00560399 0.00747198 
0.0965131 0.0199253 0.0236613 0 0.00311333 0.856787 0 
0.000622665 0.0124533 0.0124533 0.942715 0.0236613 0.00249066 0.00560399 
0.0217933 0.0666252 0.0921544 0.00933998 0.0429639 0.0404732 0.72665 
0.0448319 0.0180573 0.014944 0.000622665 0.00249066 0.918431 0.000622665 
0.127646 0.167497 0.321295 0.0105853 0.29203 0.0379826 0.0429639 
0.0523039 0.0560399 0.648194 0 0.174969 0.0616438 0.00684932 
0.0622665 0.165006 0.714819 0 0.0199253 0.0373599 0.000622665 
0.0610212 0.549813 0.0890411 0.150062 0.0323786 0.0983811 0.0193026 
0.0628892 0.438979 0.0392279 0.00249066 0.430262 0.0255293 0.000622665 
0.100872 0.272727 0.311333 0.0703611 0.0927771 0.148194 0.00373599 
0.135741 0.440224 0.0616438 0.00435866 0.221046 0.10523 0.0317559 
0.323163 0.0435866 0.204234 0.128269 0.00249066 0.298257 0 
0.0217933 0.13325 0.248443 0.430262 0.0560399 0.0691158 0.0410959 
0.0230386 0.0330012 0.0317559 0.00996264 0.0498132 0.0255293 0.826899 
0.0367372 0.0267746 0.923412 0.00124533 0.00498132 0.00249066 0.00435866 
0.00996264 0.0161893 0.00498132 0.963885 0.00435866 0 0.000622665 
0.267746 0.12142 0.491283 0 0.0902864 0.0255293 0.00373599 
0.147572 0.0454545 0.305106 0.0305106 0.437733 0.0155666 0.0180573 
0 0.00684932 0.990037 0 0.00124533 0.001868 0 
0.219178 0.16127 0.132005 0.00311333 0.175592 0.298879 0.00996264 
0.0211706 0.0379826 0.0361146 0.847447 0.0323786 0.0199253 0.00498132 
0.0983811 0.011208 0.0454545 0.143213 0.00498132 0.696762 0 
0.112702 0.15878 0.358032 0.0230386 0.211706 0.129514 0.00622665 
0.014944 0.224159 0.01868 0.709215 0.0280199 0.00311333 0.001868 
0.0217933 0.104608 0.00373599 0.79203 0.0628892 0.0143213 0.000622665 
0.0118306 0.00435866 0.978207 0 0.001868 0.00124533 0.00249066 
0.0466999 0.166874 0.0491905 0.165629 0.392279 0.0466999 0.132628 
0.0753425 0.0174346 0.00622665 0.571606 0.0734745 0.239726 0.0161893 
0.0124533 0.0136986 0.00311333 0.280822 0.00435866 0.685554 0 
0.150062 0.445828 0.100249 0.0641345 0.0579078 0.176214 0.00560399 
0.156289 0.00249066 0.740349 0 0.0871731 0.013076 0.000622665 
0.103985 0.0180573 0.757783 0.00373599 0.0180573 0.0946451 0.00373599 
0.0734745 0.397883 0.298879 0.00249066 0.160648 0.0448319 0.0217933 
0.11208 0.0965131 0.600872 0.00435866 0.0990037 0.0722291 0.014944 
0.122042 0.0585305 0.762142 0 0.0354919 0.0161893 0.00560399 
0.470735 0.211083 0.233499 0 0.0709838 0.013076 0.000622665 
0.00311333 0.00747198 0.00747198 0.00124533 0.014944 0.00435866 0.961395 
0.1868 0.295766 0.0871731 0.00311333 0.298257 0.101494 0.0273973 
0.0255293 0.588418 0.0473225 0.00498132 0.111457 0.011208 0.211083 
0.0753425 0.300125 0.152553 0.00809465 0.381071 0.0778331 0.00498132 
0.00933998 0.0560399 0.0217933 0.844956 0.0317559 0.0311333 0.00498132 
0.013076 0.0603985 0.0305106 0.788917 0.0678705 0.0242839 0.014944 
0.013076 0.00311333 0.0249066 0.93213 0.0242839 0.00249066 0 
0.17746 0.0647572 0.720423 0 0.00560399 0.0298879 0.001868 
0.209215 0.147572 0.346202 0.00124533 0.239103 0.0535492 0.00311333 
0.00435866 0.01868 0.0161893 0.902242 0.0205479 0.0336239 0.00435866 
0.0460772 0.0628892 0.0865504 0.666252 0.127646 0.00560399 0.00498132 
0.0466999 0.00249066 0.919676 0 0.014944 0.014944 0.00124533 
0.00747198 0.011208 0.001868 0.955791 0.01868 0.001868 0.00311333 
0.0958904 0.639477 0.0890411 0.00871731 0.0884184 0.0660025 0.0124533 
0.117684 0.330012 0.260274 0.00498132 0.23599 0.0386052 0.0124533 
0.0990037 0.0529265 0.795766 0.00124533 0.0267746 0.0224159 0.001868 
0.0136986 0.0155666 0.00249066 0 0.00435866 0.963885 0 
0.110212 0.0105853 0.847447 0 0.013076 0.01868 0 
0.166874 0.252802 0.0286426 0 0.0361146 0.515567 0 
0.00996264 0.013076 0.0236613 0.902864 0.0311333 0.0118306 0.00747198 
0.156912 0.163138 0.495019 0.0155666 0.0734745 0.0485679 0.0473225 
0.166874 0.182441 0.223537 0.0136986 0.205479 0.175592 0.0323786 
0.0504359 0.0635118 0.0323786 0.00311333 0.570361 0.27335 0.00684932 
0.0280199 0.501245 0.11457 0.00373599 0.270237 0.0554172 0.0267746 
0.000622665 0.00622665 0.00249066 0.975716 0.0143213 0.000622665 0 
0.00996264 0.00933998 0.976961 0.000622665 0.00124533 0.001868 0 
0.46264 0.127646 0.115193 0.00373599 0.199875 0.0884184 0.00249066 
0.371108 0.14259 0.197385 0.000622665 0.260897 0.0217933 0.00560399 
0.0772105 0.0523039 0.768369 0.00249066 0.0865504 0.00560399 0.00747198 
0.151308 0.0890411 0.62391 0.013076 0.0547945 0.0541719 0.0136986 
0.00560399 0.0255293 0.00249066 0 0.0255293 0.001868 0.938979 
0.178705 0.250311 0.174969 0.0124533 0.210461 0.1401 0.0330012 
0.000622665 0.00249066 0 0.986301 0.00933998 0 0.00124533 
0.0211706 0.82254 0.0174346 0.00124533 0.0927771 0.0392279 0.00560399 
0.0161893 0.0155666 0.0174346 0.935866 0.00249066 0.0124533 0 
0.127646 0.205479 0.205479 0.00498132 0.419676 0.0336239 0.00311333 
0.00622665 0.0230386 0.014944 0.899751 0.0435866 0.00996264 0.00249066 
0.0896638 0.0105853 0.871731 0 0.0267746 0 0.00124533 
0.0423412 0.0510585 0.0118306 0 0.0977584 0.797011 0 
0.206725 0.0286426 0.751557 0 0.00933998 0.00249066 0.00124533 
0.00809465 0.00373599 0.00871731 0.956413 0.0155666 0.00373599 0.00373599 
0.714819 0.107721 0.0535492 0 0.118929 0.00373599 0.00124533 
0.00622665 0.0217933 0.00373599 0.930262 0.0174346 0.0180573 0.00249066 
0.00311333 0.0136986 0.0180573 0.956413 0 0.00809465 0.000622665 
0.0560399 0.353051 0.0983811 0.376712 0.0871731 0.0124533 0.0161893 
0.011208 0.566625 0.0193026 0.310087 0.0473225 0.0136986 0.0317559 
0.0753425 0.00560399 0.900374 0 0.0155666 0.00311333 0 
0.107721 0.0753425 0.336239 0.001868 0.375467 0.10274 0.000622665 
0.151308 0.0572852 0.74533 0 0.0280199 0.0124533 0.00560399 
0.0255293 0.0647572 0.011208 0.00622665 0.00747198 0.884807 0 
0.0691158 0.0373599 0.823786 0 0.0211706 0.0442092 0.00435866 
0.193649 0.283313 0.18929 0.0273973 0.199875 0.0871731 0.0193026 
0.298257 0.0790785 0.359278 0.000622665 0.227273 0.0305106 0.00498132 
0.00871731 0.0199253 0.0379826 0.839352 0.0691158 0.0161893 0.00871731 
0.00933998 0.0161893 0.924658 0.00124533 0.0311333 0.0136986 0.00373599 
0.0342466 0.572229 0.0242839 0.01868 0.299502 0.016812 0.0342466 
0.00311333 0.0330012 0.00809465 0.882939 0.0217933 0.0429639 0.00809465 
0.0498132 0.42279 0.0193026 0.00498132 0.117684 0.363014 0.0224159 
0.25467 0.0853051 0.61457 0.000622665 0.0292653 0.014944 0.000622665 
0.531756 0.0429639 0.256538 0 0.00622665 0.162516 0 
0.00498132 0.0410959 0.00498132 0.918431 0.0205479 0.00809465 0.001868 
0.0523039 0.0373599 0.00933998 0.821295 0.0498132 0.0273973 0.00249066 
0 0 0.000622665 0.996887 0.00249066 0 0 
0.239726 0.0298879 0.0417186 0 0.001868 0.686177 0.000622665 
0.109589 0.0336239 0.818804 0 0.0342466 0.00311333 0.000622665 
0.0118306 0.0267746 0.0529265 0.84122 0.0454545 0.0118306 0.00996264 
0.0684932 0.0797011 0.0367372 0.00498132 0.00373599 0.798257 0.00809465 
0.169365 0.120797 0.334371 0.0261519 0.188667 0.143836 0.016812 
0.0392279 0.00124533 0.950187 0.000622665 0.00747198 0.000622665 0.000622665 
0.293275 0.0435866 0.0535492 0 0.0124533 0.596513 0.000622665 
0.0323786 0.235367 0.00747198 0.343088 0.316314 0.0392279 0.0261519 
0.00560399 0.0448319 0.0242839 0.863014 0.0591532 0.001868 0.00124533 
0.442092 0.120797 0.0398506 0.00871731 0.297634 0.0547945 0.0361146 
0.185554 0.27335 0.113325 0.0261519 0.326899 0.0261519 0.0485679 
0.221669 0.0871731 0.631382 0 0.0466999 0.00996264 0.00311333 
0.17061 0.0348692 0.785181 0 0.00684932 0.00249066 0 
0.178705 0.0660025 0.720423 0 0.0242839 0.00996264 0.000622665 
0.0311333 0.409714 0.00871731 0 0.524284 0.0230386 0.00311333 
0.0672478 0.0579078 0.0392279 0 0.0249066 0.81071 0 
0.001868 0.0193026 0.001868 0 0.00684932 0.000622665 0.969489 
0.0473225 0.40411 0.0541719 0.00498132 0.381071 0.0778331 0.0305106 
0.0118306 0.313823 0.0118306 0.283935 0.126401 0.0255293 0.22665 
0.0398506 0.575342 0.0809465 0.011208 0.226027 0.0516812 0.014944 
0.305106 0.0199253 0.265878 0.0155666 0.00498132 0.38792 0.000622665 
0.00311333 0.000622665 0.99066 0 0.00373599 0.001868 0 
0.013076 0.0510585 0.0361146 0.716065 0.147572 0.0205479 0.0155666 
0.0255293 0.400374 0.0660025 0.00996264 0.457659 0.0217933 0.01868 
0 0.0498132 0.001868 0 0 0 0.948319 
0.270237 0.185554 0.431507 0.000622665 0.0921544 0.0180573 0.001868 
0.0859278 0.204234 0.0541719 0.00684932 0.583437 0.0454545 0.0199253 
0.00809465 0.00498132 0.00373599 0.980075 0.00124533 0.001868 0 
0.228518 0.488169 0.0840598 0.00622665 0.0902864 0.0871731 0.0155666 
0.0323786 0.633873 0.013076 0.00124533 0.0410959 0.276463 0.001868 
0.0454545 0.679328 0.0273973 0.00249066 0.228518 0.013076 0.00373599 
0.0336239 0.312578 0.0610212 0.01868 0.257161 0.0286426 0.288294 
0.166874 0.341843 0.324408 0.000622665 0.00373599 0.161893 0.000622665 
0.000622665 0.000622665 0.00933998 0.942715 0.00311333 0.0417186 0.001868 
0.207347 0.135741 0.429639 0 0.0118306 0.214197 0.00124533 
0.0442092 0.303861 0.107721 0.145081 0.25467 0.0547945 0.0896638 
0.0828144 0.0354919 0.793275 0.0205479 0.0118306 0.0560399 0 
0.011208 0.0697385 0.00747198 0.00809465 0.011208 0.892279 0 
0.103362 0.014944 0.840598 0.000622665 0.0336239 0.00498132 0.001868 
0 0.00124533 0.001868 0.969489 0.00871731 0.0136986 0.00498132 
0.00560399 0.941469 0.00311333 0 0.0404732 0.00933998 0 
0.250934 0.255293 0.116438 0.011208 0.287671 0.0759651 0.00249066 
0.1401 0.158157 0.442092 0.00996264 0.195517 0.0298879 0.0242839 
0.0311333 0.0255293 0.930262 0 0.0105853 0.001868 0.000622665 
0.188045 0.157534 0.253425 0.222914 0.0647572 0.101494 0.0118306 
0.0193026 0.0193026 0.011208 0.910336 0.0205479 0.014944 0.00435866 
0.519925 0.0516812 0.346824 0.001868 0.0255293 0.0516812 0.00249066 
0.0641345 0.729763 0.0354919 0.000622665 0.0952677 0.0722291 0.00249066 
0.0722291 0.0572852 0.0417186 0.160648 0.0311333 0.636364 0.000622665 
0.0410959 0.0653798 0.0155666 0.000622665 0.0336239 0.840598 0.00311333 
0.0591532 0.0323786 0.890411 0 0.0118306 0.00622665 0 
0.524907 0.297011 0.11208 0.000622665 0.0386052 0.0261519 0.000622665 
0.0728518 0.0466999 0.0298879 0.000622665 0.0280199 0.82005 0.001868 
0.0772105 0.752802 0.011208 0.001868 0.112702 0.0348692 0.00933998 
0.0660025 0.122042 0.00435866 0.001868 0.01868 0.787049 0 
0.0510585 0.0392279 0.433375 0.4066 0.0273973 0.0242839 0.0180573 
0.138854 0.0703611 0.764633 0 0.0193026 0.00684932 0 
0.146326 0.476339 0.0946451 0.013076 0.185554 0.0765878 0.00747198 
0.0205479 0.0354919 0.0143213 0.849315 0.0635118 0.0136986 0.00311333 
0.00498132 0.00933998 0.0298879 0.933375 0.013076 0.00933998 0 
0.0460772 0.0236613 0.0292653 0.00124533 0.890411 0.00622665 0.00311333 
0.0473225 0.0398506 0.00311333 0 0.00747198 0.900996 0.00124533 
0.0236613 0.185554 0.0124533 0.00435866 0.740971 0.0174346 0.0155666 
0.0579078 0.00747198 0.00684932 0.917186 0.00747198 0.00311333 0 
0.0205479 0.0803238 0.016812 0.84122 0.0224159 0.0143213 0.00435866 
0.0523039 0.34122 0.122042 0.0653798 0.29203 0.0865504 0.0404732 
0.426526 0.132628 0.35056 0.001868 0.0361146 0.0410959 0.011208 
0.0205479 0.821295 0.0410959 0.001868 0.0759651 0.0311333 0.00809465 
0.585928 0.0977584 0.0174346 0.001868 0.223537 0.0722291 0.00124533 
0.570361 0.0479452 0.288294 0 0.0641345 0.0280199 0.00124533 
0.0753425 0.299502 0.110212 0.0242839 0.453923 0.0330012 0.00373599 
0 0.00498132 0.00684932 0 0.00373599 0.000622665 0.983811 
0.500623 0.011208 0.458281 0 0.01868 0.00311333 0.00809465 
0.0765878 0.146949 0.0504359 0.00498132 0.683686 0.0361146 0.00124533 
0.0180573 0.001868 0.00373599 0.948941 0.0273973 0 0 
0.0448319 0.429639 0.0840598 0.00498132 0.324408 0.0709838 0.0410959 
0.0392279 0.266501 0.0535492 0.0236613 0.545455 0.0330012 0.0386052 
0.0292653 0.430884 0.0199253 0.000622665 0.0672478 0.365504 0.0865504 
0.0305106 0.620174 0.0354919 0.00933998 0.26401 0.0199253 0.0205479 
0.001868 0.016812 0.00498132 0.93462 0.0286426 0.00435866 0.00871731 
0.237858 0.196762 0.267123 0.00871731 0.0765878 0.203611 0.00933998 
0.178705 0.270859 0.352428 0.00498132 0.117684 0.0224159 0.0529265 
0.259029 0.25467 0.0448319 0.00560399 0.246575 0.17995 0.00933998 
0.0498132 0.0473225 0.830635 0.00684932 0.0429639 0.016812 0.00560399 
0.476339 0.0834371 0.369863 0 0.0342466 0.0361146 0 
0.0504359 0.0224159 0.907223 0 0.00249066 0.0174346 0 
0.125156 0.252802 0.0635118 0.0136986 0.11457 0.426526 0.00373599 
0.163761 0.234122 0.0759651 0.00933998 0.0853051 0.41594 0.0155666 
0.00747198 0.00249066 0.00622665 0.955791 0.0255293 0.00249066 0 
0.0255293 0.155666 0.00373599 0 0.00560399 0.806351 0.00311333 
0.00124533 0.000622665 0.000622665 0.978207 0.0193026 0 0 
0.44396 0.10274 0.238481 0 0.013076 0.200498 0.00124533 
0.01868 0.0230386 0.0217933 0.83873 0.0660025 0.0124533 0.0193026 
0.0940224 0.64944 0.0317559 0.0647572 0.131382 0.0143213 0.0143213 
0.0778331 0.394147 0.107098 0.0155666 0.334371 0.0435866 0.0273973 
0.363636 0.191158 0.0846824 0 0.0747198 0.285181 0.000622665 
0.0410959 0.122042 0.730386 0.001868 0.0803238 0.0143213 0.00996264 
0.102117 0.272727 0.235367 0.00933998 0.278331 0.0473225 0.0547945 
0.401619 0.0205479 0.461395 0.00933998 0.0840598 0.0199253 0.00311333 
0.0267746 0.0734745 0.87609 0 0.011208 0.00809465 0.00435866 
0.00933998 0.0205479 0.0155666 0.909091 0.0249066 0.0124533 0.00809465 
0.0716065 0.0965131 0.72665 0.00311333 0.0809465 0.016812 0.00435866 
0.280199 0.0454545 0.326899 0.0797011 0.137609 0.120174 0.00996264 
0.136986 0.232877 0.207347 0.0622665 0.206725 0.133873 0.0199253 
0.00747198 0.0691158 0.0523039 0.00124533 0.863014 0.00498132 0.001868 
0.33188 0.0373599 0.575342 0 0.0454545 0.00871731 0.00124533 
0.706102 0.0473225 0.226027 0.000622665 0.0136986 0.00311333 0.00311333 
0.140722 0.204234 0.222914 0.00435866 0.108344 0.294521 0.0249066 
0.0828144 0.559776 0.00933998 0.011208 0.303238 0.0298879 0.00373599 
0.324408 0.125156 0.505604 0 0.0398506 0.00435866 0.000622665 
0.001868 0.0211706 0.00498132 0.956413 0.00747198 0.00560399 0.00249066 
0.0635118 0.0118306 0.886675 0.000622665 0.0330012 0.00435866 0 
0.000622665 0.000622665 0.00373599 0.994396 0 0.000622665 0 
0.0803238 0.654421 0.0684932 0.00622665 0.0660025 0.118306 0.00622665 
0.200498 0.256538 0.104608 0.000622665 0.103362 0.321918 0.0124533 
0.0199253 0.0136986 0.00747198 0.00124533 0.011208 0.946451 0 
0.123288 0.214819 0.396638 0 0.0597758 0.199875 0.00560399 
0.15193 0.344334 0.0933998 0.188045 0.165629 0.0205479 0.0361146 
0.000622665 0.0105853 0.0342466 0.943337 0.00809465 0.00249066 0.000622665 
0.00871731 0 0.00560399 0.979452 0.000622665 0.001868 0.00373599 
0.115193 0.40411 0.0728518 0.00560399 0.195517 0.138232 0.0684932 
0.0572852 0.59589 0.0193026 0.0217933 0.0267746 0.277709 0.00124533 
0.126401 0.348692 0.252802 0.00249066 0.218555 0.0473225 0.00373599 
0.0336239 0.655044 0.0535492 0.00933998 0.10523 0.130137 0.013076 
0.124533 0.0684932 0.757161 0 0.0466999 0.00249066 0.000622665 
0.0311333 0.0155666 0.00747198 0.00373599 0.0136986 0.00311333 0.92528 
0.00871731 0.0354919 0.0174346 0.863636 0.0547945 0.00809465 0.0118306 
0.762765 0.0859278 0.112702 0 0.0161893 0.0224159 0 
0 0.00124533 0 0 0.000622665 0.00249066 0.995641 
0.0834371 0.496264 0.0765878 0.217933 0.00933998 0.0958904 0.0205479 
0.0622665 0.4066 0.0311333 0.00124533 0.193026 0.278954 0.0267746 
0.311955 0.17061 0.204857 0 0.00809465 0.303861 0.000622665 
0.0342466 0.714819 0.0336239 0.0473225 0.12142 0.0423412 0.00622665 
0.0853051 0.290162 0.13076 0.0174346 0.402864 0.0392279 0.0342466 
0.0597758 0.32939 0.47198 0.0255293 0.0454545 0.0635118 0.00435866 
0.0267746 0.372976 0.0249066 0.00373599 0.135118 0.422167 0.0143213 
0.146949 0.164384 0.384184 0.000622665 0.150062 0.146949 0.00684932 
0.0330012 0.164384 0.014944 0.00311333 0.145704 0.622042 0.016812 
0.0273973 0.00249066 0.964508 0 0.00311333 0.00249066 0 
0 0.00124533 0 0 0.000622665 0 0.998132 
0.0267746 0.0255293 0.00996264 0.887298 0.0330012 0.0136986 0.00373599 
0.0155666 0.0230386 0.0330012 0.858032 0.0560399 0.00871731 0.00560399 
0.262142 0.214819 0.125156 0.00124533 0.0398506 0.334994 0.0217933 
0.160025 0.211706 0.343088 0.0124533 0.159402 0.0765878 0.0367372 
0.00124533 0.00124533 0.000622665 0.000622665 0.00498132 0.00124533 0.990037 
0.184932 0.0560399 0.668742 0.00124533 0.0479452 0.0361146 0.00498132 
0.00560399 0 0.986924 0 0.00373599 0.00311333 0.000622665 
0.0118306 0.237858 0.0361146 0.453923 0.21731 0.0354919 0.00747198 
0.0211706 0.849938 0.0386052 0.00311333 0.0442092 0.0180573 0.0249066 
0.0230386 0.693026 0.0379826 0.120797 0.0560399 0.0479452 0.0211706 
0.0193026 0.766501 0.00996264 0.00124533 0.0367372 0.154421 0.0118306 
0.126401 0.361768 0.0417186 0.0336239 0.404732 0.0199253 0.0118306 
0.122042 0.0958904 0.0267746 0.00124533 0.500623 0.250934 0.00249066 
0.0728518 0.38543 0.0946451 0.0454545 0.289539 0.0765878 0.0354919 
0.0386052 0.794521 0.00809465 0 0.0660025 0.0877958 0.00498132 
0.00684932 0.375467 0.0865504 0.377335 0.146949 0.00498132 0.001868 
0.00871731 0.874222 0.0236613 0.00747198 0.0647572 0.014944 0.00622665 
0.447696 0.150062 0.265255 0.00622665 0.113325 0.0155666 0.001868 
0.0367372 0.260274 0.188667 0.0105853 0.0666252 0.0180573 0.419054 
0.0579078 0.667497 0.0386052 0.0180573 0.193026 0.0224159 0.00249066 
0.0927771 0.0510585 0.846824 0 0.00809465 0.00124533 0 
0.0354919 0.189913 0.132628 0.458281 0.110212 0.0435866 0.0298879 
0.0759651 0.211083 0.287049 0.00560399 0.401619 0.0124533 0.00622665 
0.227273 0.146949 0.297634 0.0118306 0.204857 0.0971357 0.0143213 
0.218555 0.125156 0.150062 0 0.166874 0.325031 0.0143213 
0.00249066 0.00747198 0.00560399 0 0.013076 0.00249066 0.968867 
0.0118306 0.21731 0.001868 0.00498132 0.0105853 0.752802 0.000622665 
0.00871731 0.000622665 0.00747198 0.968244 0.00747198 0.00249066 0.00498132 
0.014944 0.416563 0.0821918 0.00622665 0.374222 0.0317559 0.0740971 
0.0298879 0.218555 0.0473225 0.00311333 0.180573 0.50934 0.011208 
0.312578 0.0417186 0.371108 0 0.251557 0.0217933 0.00124533 
0.0435866 0.370486 0.333126 0.0143213 0.155666 0.0554172 0.0273973 
0.00933998 0.0697385 0.00435866 0.802615 0.100249 0.001868 0.0118306 
0.0373599 0.354919 0.0933998 0.0118306 0.364882 0.0977584 0.0398506 
0.107721 0.580946 0.0199253 0 0.120797 0.123288 0.0473225 
0.00996264 0.389166 0.01868 0.011208 0.506849 0.0336239 0.0305106 
0.11457 0.415318 0.0927771 0.0367372 0.28269 0.0286426 0.0292653 
0.152553 0.138232 0.254047 0.000622665 0.16127 0.290785 0.00249066 
0.00747198 0.00435866 0.00996264 0.950809 0.0217933 0.00435866 0.00124533 
0.00311333 0.00622665 0.00435866 0.957659 0.0143213 0.00498132 0.00933998 
0.0118306 0.104608 0.0105853 0 0.305729 0.55604 0.011208 
0.0660025 0.508095 0.379826 0.000622665 0.0155666 0.0286426 0.00124533 
0.0635118 0.343088 0.0585305 0.00996264 0.488792 0.0236613 0.0124533 
0.261519 0.0498132 0.523039 0.00498132 0.0217933 0.136986 0.001868 
0.01868 0.01868 0.940847 0 0.0193026 0.00124533 0.00124533 
0.0286426 0.453923 0.00373599 0.00124533 0.143213 0.367995 0.00124533 
0.175592 0.337484 0.136986 0.0317559 0.1868 0.0859278 0.0454545 
0.00871731 0.0273973 0.00996264 0.891034 0.0249066 0.0373599 0.000622665 
0.102117 0.336239 0.277709 0.0143213 0.223537 0.0342466 0.0118306 
0.00684932 0.0261519 0.0249066 0.00435866 0.0267746 0.00933998 0.901619 
0.0635118 0.730386 0.0386052 0.00124533 0.0734745 0.0884184 0.00435866 
0.0417186 0.511208 0.0249066 0.00311333 0.404732 0.011208 0.00311333 
0.00249066 0.00124533 0.990037 0.000622665 0.00435866 0.00124533 0 
0.0273973 0.0311333 0.879826 0.00747198 0.0205479 0.0305106 0.00311333 
0.00249066 0.793898 0.00249066 0.1401 0.0330012 0.0261519 0.001868 
0.202989 0.110212 0.589664 0 0.00747198 0.0890411 0.000622665 
0.123288 0.0193026 0.84807 0.000622665 0.00560399 0.00249066 0.000622665 
0.260897 0.0311333 0.480075 0 0.0647572 0.162516 0.000622665 
0.180573 0.141345 0.429639 0.00311333 0.223537 0.0118306 0.00996264 
0 0.013076 0.00124533 0.981943 0.000622665 0.00311333 0 
0.0946451 0.199875 0.272105 0.0249066 0.239103 0.122042 0.0473225 
0.0896638 0.330635 0.0628892 0.373599 0.111457 0.0205479 0.011208 
0.101494 0.19863 0.51868 0.014944 0.112702 0.0485679 0.00498132 
0.00809465 0.0261519 0.0174346 0.00435866 0.0280199 0.00373599 0.912204 
0.0136986 0.0373599 0.28269 0.00124533 0.0498132 0.00622665 0.608966 
