0.00996264 0.300747 0.0759651 0.00498132 0.556663 0.0311333 0.0205479 
0.0603985 0.0429639 0.839352 0 0.0193026 0.0367372 0.00124533 
0.220423 0.0249066 0.451432 0.000622665 0.00684932 0.295766 0 
0.458281 0.0180573 0.453923 0.016812 0.0379826 0.013076 0.001868 
0.00249066 0.916563 0.0193026 0.000622665 0.0305106 0.0255293 0.00498132 
0.223537 0.0859278 0.644458 0 0.013076 0.0330012 0 
0.00249066 0.0161893 0.00249066 0.951432 0.01868 0.00684932 0.001868 
0.152553 0.328767 0.212329 0.00871731 0.210461 0.0361146 0.0510585 
0.0672478 0.0193026 0.891656 0 0.0105853 0.0105853 0.000622665 
0.00498132 0.0479452 0.0155666 0.914072 0.0136986 0.00373599 0 
0.0342466 0.690535 0.0516812 0.001868 0.21731 0.00373599 0.000622665 
0.232877 0.135741 0.28269 0.00373599 0.251557 0.0877958 0.00560399 
0.0174346 0.356164 0.0161893 0.00311333 0.242217 0.347447 0.0174346 
0.0230386 0.102117 0.0336239 0.244707 0.506849 0.0603985 0.0292653 
0.0105853 0.0242839 0.00871731 0.91594 0.0298879 0.00809465 0.00249066 
0.343088 0.011208 0.589041 0.000622665 0.0448319 0.00684932 0.00435866 
0.00498132 0.0286426 0.0211706 0.886052 0.0255293 0.0230386 0.0105853 
0.0193026 0.0547945 0.0155666 0.87858 0.0136986 0.0161893 0.001868 
0.0821918 0.165006 0.0523039 0.00560399 0.11457 0.568493 0.0118306 
0.0386052 0.176214 0.0174346 0.635741 0.105853 0.0124533 0.0136986 
0.0952677 0.146949 0.0703611 0.183064 0.402242 0.0647572 0.0373599 
0.0535492 0.161893 0.300747 0.013076 0.372354 0.0498132 0.0485679 
0.0579078 0.584682 0.0647572 0.180573 0.0579078 0.0448319 0.00933998 
0.166252 0.0784558 0.724782 0 0.0286426 0.00124533 0.000622665 
0.0161893 0.0348692 0.905355 0.001868 0.0330012 0.00684932 0.001868 
0.0554172 0.0990037 0.00311333 0.000622665 0.0205479 0.821295 0 
0.199875 0.0516812 0.436488 0 0.0124533 0.298879 0.000622665 
0.143213 0.124533 0.3132 0.216687 0.125156 0.0765878 0.000622665 
0.00124533 0.976339 0.0180573 0.00249066 0.00124533 0 0.000622665 
0.0747198 0.0554172 0.0442092 0.00124533 0.0479452 0.764633 0.0118306 
0.0591532 0.375467 0.12391 0.0473225 0.330012 0.0460772 0.0180573 
0.0915318 0.00933998 0.863014 0.000622665 0.0292653 0.00249066 0.00373599 
0.0753425 0.206102 0.266501 0.000622665 0.00871731 0.442092 0.000622665 
0 0.000622665 0.0136986 0.985056 0 0 0.000622665 
0.0280199 0.206725 0.588418 0.014944 0.10274 0.0523039 0.00684932 
0.0217933 0.0311333 0.905978 0.00560399 0.0193026 0.014944 0.00124533 
0.227895 0.0865504 0.591532 0.00124533 0.0734745 0.0180573 0.00124533 
0.00373599 0.000622665 0.990037 0.000622665 0.00249066 0.00249066 0 
0.00684932 0.0230386 0.0267746 0.836862 0.0871731 0.00871731 0.0105853 
0.38543 0.0877958 0.391034 0 0.0193026 0.116438 0 
0.148817 0.188667 0.0747198 0.0728518 0.276463 0.209838 0.0286426 
0.0529265 0.144458 0.530511 0.0566625 0.0535492 0.150685 0.011208 
0.0323786 0.0118306 0.440847 0.0161893 0.014944 0.478829 0.00498132 
0.0361146 0.597758 0.0305106 0.0261519 0.136986 0.011208 0.16127 
0.0653798 0.527397 0.0784558 0.00124533 0.250311 0.0691158 0.00809465 
0.0722291 0.10274 0.0124533 0.0547945 0.0199253 0.734122 0.00373599 
0.0797011 0.0386052 0.122665 0.001868 0.216687 0.53736 0.00311333 
0.00311333 0.100872 0.0273973 0.773973 0.0716065 0.0124533 0.0105853 
0.0554172 0.108966 0.765255 0.000622665 0.0541719 0.011208 0.00435866 
0.124533 0.0255293 0.541719 0.0224159 0.0740971 0.211706 0 
0.0828144 0.0211706 0.847447 0.001868 0.0354919 0.00933998 0.001868 
0.0280199 0.574097 0.0174346 0.000622665 0.302615 0.0740971 0.00311333 
0.016812 0.843088 0.00373599 0.000622665 0.0579078 0.0292653 0.0485679 
0.0161893 0.0280199 0.0155666 0.00124533 0.0386052 0.899751 0.000622665 
0.00249066 0.000622665 0.992528 0 0.00249066 0.001868 0 
0.155666 0.162516 0.201121 0.115193 0.0728518 0.0797011 0.212951 
0.0398506 0.0330012 0.00996264 0.000622665 0.00560399 0.909091 0.001868 
0.0840598 0.20797 0.0896638 0.0105853 0.559153 0.0379826 0.0105853 
0.01868 0.00933998 0.958904 0 0.00809465 0.00435866 0.000622665 
0.00498132 0.0317559 0.0143213 0.941469 0.00435866 0.000622665 0.00249066 
0.286426 0.0267746 0.66127 0.000622665 0.00747198 0.014944 0.00249066 
0.0740971 0.198007 0.606476 0.00809465 0.0653798 0.0273973 0.0205479 
0.465753 0.0709838 0.260274 0 0.0155666 0.187422 0 
0.00933998 0.0535492 0.0118306 0 0.919054 0.00249066 0.00373599 
0.0236613 0.011208 0.96264 0 0.000622665 0.001868 0 
0.00311333 0.0124533 0 0.979452 0.001868 0.00311333 0 
0.0124533 0.372976 0.0273973 0.00311333 0.504359 0.0672478 0.0124533 
0.0815691 0.0442092 0.579078 0.00498132 0.203611 0.0821918 0.00435866 
0.0709838 0.583437 0.0379826 0.144458 0.113948 0.0236613 0.0255293 
0.0267746 0.709838 0.0342466 0.00124533 0.125156 0.0865504 0.0161893 
0.299502 0.390411 0.128269 0.000622665 0.110212 0.0516812 0.0193026 
0.0622665 0.0286426 0.0280199 0.532379 0.011208 0.336862 0.000622665 
0.100249 0.301993 0.0778331 0.001868 0.0410959 0.001868 0.475093 
0.160648 0.0703611 0.380448 0.105853 0.0523039 0.219801 0.0105853 
0.0361146 0.4533 0.120797 0.00373599 0.328144 0.0491905 0.00871731 
0.0429639 0.0105853 0.470112 0.466999 0.00747198 0.001868 0 
0.103985 0.285181 0.158157 0.0180573 0.334371 0.0597758 0.0404732 
0.00747198 0.0124533 0.00249066 0.942715 0.0143213 0.00622665 0.0143213 
0.0199253 0.0155666 0.831258 0.000622665 0.115816 0.0161893 0.000622665 
0.466376 0.224782 0.0597758 0.00124533 0.0379826 0.204234 0.00560399 
0.0510585 0.569738 0.0311333 0.00933998 0.303861 0.0217933 0.013076 
0.00311333 0.0273973 0.0535492 0 0.00622665 0.000622665 0.909091 
0.0236613 0.266501 0.0435866 0.00747198 0.627646 0.0155666 0.0155666 
0.0435866 0.00996264 0.00373599 0.00311333 0.00622665 0.000622665 0.932752 
0.475716 0.107098 0.193649 0 0.201121 0.0193026 0.00311333 
0.0136986 0.00124533 0.979452 0 0.00560399 0 0 
0.323163 0.14944 0.402864 0.000622665 0.0180573 0.104608 0.00124533 
0.0180573 0.613948 0.0224159 0.00124533 0.332503 0.00809465 0.00373599 
0.000622665 0.00684932 0.00498132 0.978829 0.00373599 0.00311333 0.001868 
0.191781 0.473848 0.316314 0.000622665 0.0136986 0.001868 0.001868 
0.0105853 0.110212 0.0199253 0.00498132 0.0336239 0.0155666 0.805106 
0.0124533 0.0286426 0.942092 0 0.0136986 0.00124533 0.001868 
0.0105853 0.107098 0.00560399 0 0.00124533 0.874844 0.000622665 
0.00747198 0.0143213 0.00933998 0 0.0105853 0.00622665 0.952055 
0.290162 0.0821918 0.191781 0.00311333 0.346824 0.0759651 0.00996264 
0.0155666 0.001868 0.00373599 0.960149 0.013076 0.00498132 0.000622665 
0.00871731 0.239726 0 0 0.00124533 0.750311 0 
0.0479452 0.0161893 0.912204 0.00373599 0.013076 0.00498132 0.001868 
0.00311333 0.001868 0 0.986301 0.00498132 0.00249066 0.00124533 
0.0653798 0.181818 0.0485679 0.415318 0.146326 0.106476 0.0361146 
0.011208 0.0249066 0.0336239 0.863014 0.0529265 0.00996264 0.00435866 
0 0.001868 0.000622665 0.99066 0.00622665 0.000622665 0 
0.0448319 0.0896638 0.0273973 0.000622665 0.504359 0.325654 0.00747198 
0.0566625 0.0485679 0.86924 0 0.0174346 0.00684932 0.00124533 
0.257783 0.0877958 0.594022 0 0.0572852 0.001868 0.00124533 
0.00435866 0.921544 0.00435866 0.000622665 0.011208 0.0566625 0.00124533 
0.0230386 0.620174 0.0273973 0.00871731 0.285803 0.0199253 0.014944 
0.00747198 0 0 0.983811 0 0.00871731 0 
0.0242839 0.0448319 0.0255293 0.877335 0.0161893 0.00622665 0.00560399 
0.0840598 0.0280199 0.466376 0 0.271482 0.148817 0.00124533 
0.0211706 0.011208 0.941469 0.00996264 0.0105853 0.00560399 0 
0.0348692 0.00435866 0.0118306 0.00124533 0.00684932 0 0.940847 
0.0747198 0.365504 0.0859278 0.0136986 0.013076 0.001868 0.445205 
0.270237 0.0124533 0.61208 0.000622665 0.0622665 0.0404732 0.001868 
0.0442092 0.744085 0.0136986 0.001868 0.174969 0.014944 0.00622665 
0.00933998 0.0193026 0.00622665 0.898506 0.0523039 0.00747198 0.00684932 
0.12142 0.163761 0.472603 0.0161893 0.1401 0.0797011 0.00622665 
0.0871731 0.179328 0.224159 0.0136986 0.273973 0.153176 0.0684932 
0.00871731 0.0199253 0.00498132 0.00124533 0.00684932 0.00622665 0.952055 
0.0249066 0.0909091 0.00809465 0.000622665 0.0199253 0.855542 0 
0.0678705 0.253425 0.123288 0.286426 0.172478 0.0342466 0.0622665 
0.433375 0.108966 0.0660025 0.00871731 0.101494 0.269614 0.0118306 
0.00933998 0.0603985 0.001868 0 0.00622665 0.921544 0.000622665 
0.000622665 0.001868 0.000622665 0.000622665 0 0.000622665 0.995641 
0.0473225 0.665006 0.0249066 0.000622665 0.163761 0.0479452 0.0504359 
0.0105853 0.0330012 0.00747198 0.924658 0.0236613 0.000622665 0 
0.0361146 0.44396 0.137609 0.0516812 0.262765 0.0442092 0.0236613 
0.852428 0.0628892 0.0323786 0.000622665 0.0336239 0.0105853 0.00747198 
0.195517 0.103362 0.188045 0.00249066 0.487547 0.0205479 0.00249066 
0.0267746 0.125778 0.0740971 0.628892 0.10274 0.0330012 0.00871731 
0 0.00560399 0.000622665 0.981943 0.0118306 0 0 
0 0.000622665 0.000622665 0.998755 0 0 0 
0.0410959 0.10274 0.0261519 0 0.0236613 0.806351 0 
0.0354919 0.711706 0.0261519 0 0.0286426 0.0136986 0.184309 
0.0641345 0.0180573 0.903487 0 0.00124533 0.0105853 0.00249066 
0 0.00311333 0.00809465 0.981943 0.00435866 0.00249066 0 
0.117061 0.402864 0.0691158 0.00373599 0.39726 0.00809465 0.001868 
0.0485679 0.0392279 0.0249066 0.760274 0.0560399 0.0635118 0.00747198 
0.0161893 0.00747198 0.00249066 0.91345 0.0311333 0.0205479 0.00871731 
0.0772105 0.0249066 0.872976 0 0.0217933 0.00311333 0 
0.0541719 0.0193026 0.912827 0 0.00996264 0.00373599 0 
0.0261519 0.0958904 0.0442092 0.768991 0.0479452 0.00622665 0.0105853 
0.0498132 0.579078 0.0348692 0.0305106 0.143836 0.13325 0.0286426 
0.00622665 0.001868 0.983811 0 0.00809465 0 0 
0.0734745 0.46264 0.0603985 0.00311333 0.331258 0.0423412 0.0267746 
0.0466999 0.0236613 0.872976 0.000622665 0.000622665 0.0554172 0 
0 0.00373599 0.000622665 0.991283 0.00249066 0.000622665 0.00124533 
0.156912 0.181818 0.146949 0.000622665 0.415318 0.0697385 0.0286426 
0.193649 0.0747198 0.5 0.0946451 0.0784558 0.0541719 0.00435866 
0.0398506 0.00747198 0.00747198 0.930262 0.00311333 0.0118306 0 
0.187422 0.240971 0.156289 0.00871731 0.273973 0.102117 0.0305106 
0.001868 0 0 0.986301 0.011208 0.000622665 0 
0.0118306 0.0429639 0.016812 0.839975 0.0529265 0.0342466 0.00124533 
0.0410959 0.546077 0.0361146 0.00124533 0.260897 0.0846824 0.0298879 
0.001868 0.00622665 0.968867 0 0.0224159 0.000622665 0 
0.0136986 0.0292653 0 0 0.00249066 0.949564 0.00498132 
0.239726 0.0161893 0.730386 0 0.00311333 0.00996264 0.000622665 
0.00747198 0.0174346 0.00747198 0.949564 0.0118306 0.00124533 0.00498132 
0.0448319 0.496887 0.01868 0 0.306351 0.0971357 0.0361146 
0.194894 0.0828144 0.58406 0.00871731 0.0753425 0.0373599 0.016812 
0.00560399 0.00622665 0.00684932 0.9533 0.0255293 0.00249066 0 
0.201743 0.0155666 0.730386 0 0.001868 0.0498132 0.000622665 
0.0958904 0.400996 0.0541719 0.0136986 0.343711 0.0728518 0.01868 
0 0 0.001868 0.993151 0.000622665 0 0.00435866 
0.150685 0.0323786 0.785803 0.000622665 0.0242839 0.000622665 0.00560399 
0.135741 0.491905 0.127646 0.0105853 0.152553 0.0193026 0.0622665 
0.0361146 0.0273973 0.00373599 0.899751 0.0224159 0.00124533 0.00933998 
0.0161893 0.11457 0.00560399 0.0330012 0.00124533 0.825031 0.00435866 
0.0803238 0.0890411 0.0840598 0.116438 0.58406 0.0292653 0.016812 
0.0672478 0.501868 0.119552 0.0105853 0.191158 0.0697385 0.0398506 
0.146326 0.351806 0.0547945 0.0255293 0.373599 0.0410959 0.00684932 
0.374844 0.150685 0.0516812 0.355542 0.0448319 0.0174346 0.00498132 
0.0635118 0.10523 0.793898 0 0.0267746 0.0105853 0 
0.0635118 0.0516812 0.0647572 0.539228 0.218555 0.0498132 0.0124533 
0.14259 0.0597758 0.455791 0.001868 0.0211706 0.297011 0.0217933 
0 0.950809 0.00560399 0.00124533 0.0136986 0.014944 0.0136986 
0.00684932 0.85741 0.0242839 0 0.0442092 0.0267746 0.0404732 
0.0728518 0.303238 0.0535492 0.00747198 0.447696 0.0915318 0.0236613 
0.00498132 0.0286426 0.938356 0.00249066 0.0205479 0.00249066 0.00249066 
0.0797011 0.0298879 0.846824 0.0155666 0.0230386 0.001868 0.00311333 
0.0753425 0.583437 0.0136986 0.00996264 0.294521 0.0124533 0.0105853 
0.0535492 0.405355 0.0834371 0.00933998 0.315068 0.0666252 0.0666252 
0.00996264 0.914072 0.00809465 0 0.014944 0.0392279 0.0136986 
0.0485679 0.321918 0.016812 0.001868 0.558531 0.0423412 0.00996264 
0.326276 0.336239 0.139477 0.00311333 0.156289 0.0317559 0.00684932 
0.118929 0.0429639 0.0859278 0.589041 0.0996264 0.0498132 0.0136986 
0.0236613 0.501245 0.0927771 0.00560399 0.359278 0.014944 0.00249066 
0.0242839 0.513699 0.0224159 0.00622665 0.330635 0.0915318 0.011208 
0.00871731 0.0174346 0.0180573 0.920922 0.011208 0.016812 0.00684932 
0.000622665 0.948319 0.00249066 0.000622665 0.0273973 0.0174346 0.00311333 
0.188045 0.122042 0.0217933 0 0.0435866 0.620797 0.00373599 
0.132005 0.0298879 0.790162 0.00311333 0.00311333 0.0404732 0.00124533 
0.0398506 0.549813 0.0199253 0.00249066 0.0442092 0.323163 0.0205479 
0.0305106 0.56538 0.00560399 0 0.0666252 0.326276 0.00560399 
0.0641345 0.305729 0.0491905 0.013076 0.246575 0.283313 0.0379826 
0.0423412 0.34807 0.0790785 0.0809465 0.386052 0.0423412 0.0211706 
0.256538 0.191158 0.226027 0.0684932 0.0896638 0.158157 0.00996264 
0.10274 0.345579 0.0728518 0.00560399 0.409091 0.0410959 0.0230386 
0.0996264 0.297011 0.11457 0.00747198 0.471357 0.00933998 0.000622665 
0.262142 0.318804 0.194894 0.0174346 0.110834 0.0871731 0.00871731 
0.000622665 0.00684932 0.00933998 0.922167 0.0610212 0 0 
0.125156 0.173101 0.167497 0.0205479 0.106476 0.339352 0.0678705 
0.0305106 0.295143 0.511208 0.00249066 0.145081 0.0124533 0.00311333 
0.233499 0.224159 0.0529265 0.00560399 0.396638 0.0747198 0.0124533 
0.01868 0.253425 0.103985 0.0834371 0.44396 0.0660025 0.0305106 
0.206725 0.256538 0.358655 0.00498132 0.138232 0.0298879 0.00498132 
0.00124533 0.001868 0.00124533 0.983811 0.00249066 0.00809465 0.00124533 
0.0778331 0.364259 0.0884184 0.0180573 0.201121 0.191158 0.0591532 
0.0859278 0.668742 0.0354919 0.00684932 0.0946451 0.0828144 0.0255293 
0.10274 0.174346 0.379203 0.15193 0.0466999 0.125778 0.0193026 
0.00560399 0.00684932 0.011208 0.953923 0.0155666 0.00311333 0.00373599 
0 0 0.00124533 0.995019 0.001868 0.001868 0 
0.0610212 0.339975 0.13325 0.00871731 0.249689 0.0740971 0.13325 
0.594022 0.120174 0.240349 0.000622665 0.0348692 0.00809465 0.001868 
0.531756 0.0678705 0.145081 0.000622665 0.249689 0.00311333 0.001868 
0.410336 0.0554172 0.351806 0 0.145704 0.0267746 0.00996264 
0.129514 0.0535492 0.00311333 0.000622665 0.01868 0.793275 0.00124533 
0.0410959 0.268991 0.0579078 0.00747198 0.257783 0.0865504 0.280199 
0.220423 0.333126 0.0734745 0.00684932 0.259651 0.0672478 0.0392279 
0.00249066 0.00498132 0.00124533 0.988792 0.00124533 0.00124533 0 
0.00560399 0.0143213 0.966999 0 0.00560399 0.00747198 0 
0.000622665 0 0 0.998755 0.000622665 0 0 
0.159402 0.211706 0.135118 0.0311333 0.368618 0.0560399 0.0379826 
0.014944 0.0952677 0.00809465 0.001868 0.0778331 0.781445 0.0205479 
0.00560399 0.00435866 0.0105853 0.960149 0.0118306 0.00435866 0.00311333 
0.0529265 0.330635 0.120797 0.0224159 0.318182 0.104608 0.0504359 
0.000622665 0.00124533 0 0 0.00124533 0.000622665 0.996264 
0.00435866 0.0193026 0.0386052 0.001868 0.0124533 0.0118306 0.911582 
0.169988 0.148194 0.111457 0.263387 0.191781 0.0765878 0.0386052 
0.00373599 0.013076 0.0161893 0.958281 0.00809465 0.000622665 0 
0.000622665 0.00249066 0.000622665 0.994396 0.000622665 0.000622665 0.000622665 
0.0373599 0.00560399 0.0124533 0.904732 0.0323786 0.00747198 0 
0.0554172 0.552927 0.0740971 0.016812 0.174346 0.0535492 0.0728518 
0 0.00249066 0.0479452 0.931507 0.0105853 0.00747198 0 
0.227895 0.0890411 0.477584 0.0330012 0.0647572 0.10274 0.00498132 
0.270237 0.0479452 0.592777 0 0.011208 0.0759651 0.001868 
0.473225 0.241594 0.102117 0.000622665 0.135118 0.0292653 0.0180573 
0.0728518 0.0298879 0.869863 0 0.00622665 0.00311333 0.0180573 
0.442715 0.0367372 0.50934 0 0.00996264 0 0.00124533 
0.0286426 0.110834 0.00747198 0.00124533 0.204234 0.64259 0.00498132 
0.0267746 0.86924 0.00622665 0 0.0193026 0.0722291 0.00622665 
0.0660025 0.00498132 0.0267746 0.899128 0.00311333 0 0 
0.0952677 0.127024 0.589664 0.013076 0.116438 0.0479452 0.0105853 
0.0616438 0.144458 0.0479452 0.00560399 0.0778331 0.0628892 0.599626 
0.0990037 0.0759651 0.711706 0.00684932 0.10274 0.00124533 0.00249066 
0.0193026 0.0230386 0.0136986 0.00124533 0.0199253 0.922167 0.000622665 
0.0373599 0.219801 0.0386052 0.0136986 0.668742 0.00871731 0.013076 
0.00311333 0.0660025 0.0105853 0.762142 0.146949 0.00996264 0.00124533 
0.0691158 0.232877 0.0161893 0 0.127024 0.551059 0.00373599 
0.00373599 0.211083 0.00435866 0.00124533 0.777709 0.000622665 0.00124533 
0.01868 0.703611 0.0155666 0.000622665 0.24533 0.0161893 0 
0.00435866 0.946451 0.0211706 0.00373599 0.0155666 0.00498132 0.00373599 
0.0666252 0.436488 0.014944 0.0317559 0.0865504 0.0224159 0.34122 
0.100249 0.352428 0.0566625 0.00249066 0.393524 0.0547945 0.0398506 
0.000622665 0.000622665 0.00124533 0.979452 0.001868 0.0155666 0.000622665 
0.137609 0.131382 0.6868 0 0.0174346 0.0267746 0 
0.106476 0.128269 0.00498132 0.000622665 0.0249066 0.731631 0.00311333 
0.234745 0.203611 0.393524 0.00871731 0.10523 0.0404732 0.0136986 
0 0.00747198 0 0.981943 0.00124533 0.00560399 0.00373599 
0.373599 0.418431 0.100872 0.00124533 0.0890411 0.00871731 0.00809465 
0.0460772 0.0591532 0.0635118 0.667497 0.124533 0.0217933 0.0174346 
0.0554172 0.224782 0.0118306 0 0.0498132 0.658157 0 
0.31071 0.0660025 0.351183 0.001868 0.245953 0.016812 0.00747198 
0.189913 0.295766 0.171233 0.0143213 0.163761 0.127024 0.0379826 
0.10274 0.219178 0.146326 0.0529265 0.100249 0.367995 0.0105853 
0.0211706 0.771482 0.0105853 0 0.132005 0.0435866 0.0211706 
0.014944 0.125156 0.0211706 0 0.0242839 0.813823 0.000622665 
0.182441 0.00249066 0.80137 0 0.00311333 0.00933998 0.00124533 
0.119552 0.0709838 0.719178 0.00996264 0.0647572 0.0105853 0.00498132 
0.524284 0.0230386 0.391656 0 0.0516812 0.00498132 0.00435866 
0.00311333 0.00684932 0.0386052 0.905355 0.0205479 0.0136986 0.0118306 
0.164384 0.16127 0.527397 0 0.0709838 0.0709838 0.00498132 
0.0386052 0.871731 0.0143213 0 0.0523039 0.00747198 0.0155666 
0.00747198 0.656912 0.0261519 0.172478 0.0392279 0.0174346 0.0803238 
0.141968 0.295766 0.199875 0 0.27335 0.0871731 0.001868 
0.0311333 0.0628892 0.0224159 0 0.00435866 0.879203 0 
0.0379826 0.00435866 0.943337 0 0.00871731 0.00560399 0 
0.0940224 0.334994 0.132628 0.0647572 0.277709 0.0473225 0.0485679 
0.0267746 0.016812 0.9533 0 0 0.00311333 0 
0.0498132 0.339975 0.0460772 0.014944 0.211706 0.290162 0.0473225 
0.154421 0.226027 0.220423 0.0660025 0.125156 0.189913 0.0180573 
0.0921544 0.291407 0.0566625 0.0136986 0.0603985 0.431507 0.0541719 
0.00249066 0.0199253 0.00996264 0.93213 0.0323786 0.00124533 0.001868 
0.258406 0.395392 0.231009 0.00124533 0.10523 0.00809465 0.000622665 
0.194894 0.0747198 0.687422 0 0.016812 0.0236613 0.00249066 
0.11457 0.117061 0.340598 0.35056 0.0305106 0.0417186 0.00498132 
0.0597758 0.755293 0.0448319 0 0.0734745 0.0666252 0 
0.0292653 0.123288 0.0535492 0.569738 0.0510585 0.171856 0.00124533 
0.0305106 0.0417186 0.907223 0.00311333 0.00933998 0.00747198 0.000622665 
0.0473225 0.615816 0.0460772 0.00498132 0.203611 0.0610212 0.0211706 
0.0305106 0.174969 0.0392279 0.00249066 0.0927771 0.0367372 0.623288 
0.516812 0.104608 0.277709 0.00933998 0.0330012 0.0585305 0 
0.0136986 0.531133 0.016812 0.00311333 0.387298 0.0342466 0.0136986 
0.0404732 0.0255293 0.00249066 0.00124533 0.00871731 0.921544 0 
0.0815691 0.0398506 0.0267746 0.768369 0.0466999 0.00933998 0.0273973 
0.0236613 0.344334 0.0217933 0.00373599 0.151308 0.339352 0.115816 
0.000622665 0.001868 0 0 0 0.000622665 0.996887 
0.0933998 0.0740971 0.795766 0.001868 0.00249066 0.0323786 0 
0.332503 0.0797011 0.222914 0 0.00809465 0.356164 0.000622665 
0.169988 0.0759651 0.72665 0.00124533 0.00809465 0.014944 0.00311333 
0.00747198 0.0230386 0.013076 0.88792 0.0610212 0.00435866 0.00311333 
0.374844 0.125156 0.286426 0 0.0797011 0.13325 0.000622665 
0.0286426 0.15193 0.0716065 0.014944 0.140722 0.0554172 0.536737 
0.0516812 0.0547945 0.632628 0.00560399 0.20797 0.0460772 0.00124533 
0.394147 0.0217933 0.231009 0.00249066 0.011208 0.339352 0 
0.001868 0.00560399 0.0193026 0.9533 0.014944 0.00249066 0.00249066 
0.0473225 0.0753425 0.849315 0.00435866 0.0105853 0.0105853 0.00249066 
0.0417186 0.0298879 0 0 0.00684932 0.91594 0.00560399 
0.000622665 0.00933998 0.000622665 0.000622665 0.00124533 0 0.987547 
0.0367372 0.0124533 0.0255293 0.000622665 0.0286426 0.896015 0 
0.182441 0.00498132 0.752179 0 0.00124533 0.0585305 0.000622665 
0.0877958 0.0118306 0.0498132 0.000622665 0.0118306 0.837484 0.000622665 
0.00871731 0.11208 0.0180573 0.00311333 0.013076 0.834994 0.00996264 
0.0547945 0.326899 0.11208 0.0317559 0.283935 0.0354919 0.155044 
0.001868 0.00249066 0.00311333 0.979452 0.00373599 0.00933998 0 
0.104608 0.0193026 0.844956 0 0.0311333 0 0 
0.0174346 0.0691158 0.0635118 0.723537 0.0672478 0.0317559 0.0273973 
0.00249066 0.00311333 0.00435866 0.970735 0.0174346 0.00124533 0.000622665 
0.47198 0.0273973 0.275218 0 0.00311333 0.222291 0 
0.311955 0.0224159 0.484433 0 0.00435866 0.176214 0.000622665 
0.346824 0.333126 0.228518 0 0.0410959 0.0466999 0.00373599 
0.0342466 0.27335 0.0361146 0.00124533 0.603985 0.0448319 0.00622665 
0.150685 0.21731 0.275218 0.000622665 0.343088 0.00996264 0.00311333 
0.0442092 0.00684932 0.938356 0 0.00933998 0.000622665 0.000622665 
0.0635118 0.0902864 0.596513 0.0174346 0.107721 0.117061 0.00747198 
0.0280199 0.215442 0.016812 0.0529265 0.572852 0.102117 0.0118306 
0.00684932 0.738481 0.0136986 0.013076 0.211083 0.00871731 0.00809465 
0.0118306 0.0647572 0.00435866 0.00311333 0.00622665 0.909714 0 
0.17995 0.00933998 0.759029 0 0.0473225 0.001868 0.00249066 
0.285181 0.0784558 0.597136 0.000622665 0.014944 0.0230386 0.000622665 
0.00871731 0.288917 0.0124533 0 0.505604 0.169988 0.0143213 
0.459527 0.116438 0.358032 0 0.0386052 0.0267746 0.000622665 
0.318182 0.0803238 0.516812 0.00622665 0.0529265 0.0105853 0.014944 
0.270859 0 0.716065 0 0.011208 0.000622665 0.00124533 
0.0460772 0.473225 0.016812 0.00435866 0.408468 0.0417186 0.00933998 
0.0330012 0.00124533 0.0361146 0 0 0.929639 0 
0.179328 0.239726 0.401619 0.00498132 0.0435866 0.123288 0.00747198 
0.197385 0.001868 0.756538 0 0.0417186 0.00249066 0 
0.00124533 0.000622665 0.000622665 0 0.000622665 0 0.996887 
0.136986 0.0155666 0.806974 0.00249066 0.0273973 0.00933998 0.00124533 
0.0641345 0.201121 0.620174 0.0105853 0.0510585 0.0423412 0.0105853 
0.0230386 0.0523039 0.0105853 0.000622665 0.0205479 0.890411 0.00249066 
0.108344 0 0.859278 0 0.0249066 0.00124533 0.00622665 
0.00435866 0.873599 0.0105853 0.000622665 0.0255293 0.0790785 0.00622665 
0.0161893 0.87609 0.014944 0 0.0504359 0.0161893 0.0261519 
0.0118306 0.0267746 0.0305106 0.861768 0.0498132 0.0105853 0.00871731 
0.669365 0.133873 0.0647572 0 0.0342466 0.0977584 0 
0.00809465 0.0660025 0.0193026 0.00124533 0.001868 0.900374 0.00311333 
0.0224159 0.0753425 0.00747198 0.00124533 0.10274 0.748443 0.0423412 
0.0298879 0.224782 0.0747198 0.0230386 0.0628892 0.0242839 0.560399 
0.00249066 0 0.995641 0 0.00124533 0.000622665 0 
0.191158 0.275218 0.274595 0.00684932 0.135741 0.0983811 0.0180573 
0.00124533 0.00124533 0.991905 0.000622665 0.001868 0.00249066 0.000622665 
0.214819 0.46264 0.0747198 0.00373599 0.227273 0.0155666 0.00124533 
0.651308 0.0772105 0.163761 0 0.0199253 0.0877958 0 
0.448319 0.115193 0.265878 0.00435866 0.100872 0.0367372 0.0286426 
0.0996264 0.0317559 0.573474 0 0.00560399 0.0317559 0.257783 
0.0267746 0.0193026 0.94396 0 0.00996264 0 0 
0.0797011 0.143213 0.192403 0.00498132 0.0946451 0.455791 0.0292653 
0.144458 0.235367 0.281445 0.0124533 0.253425 0.0666252 0.00622665 
0.0379826 0.407846 0.0398506 0.00498132 0.476339 0.0199253 0.013076 
0.519925 0.0442092 0.33873 0.000622665 0.0566625 0.0386052 0.00124533 
0.0678705 0.0859278 0.691781 0 0.14259 0.00809465 0.00373599 
0.0435866 0.0367372 0.866127 0.00435866 0.0373599 0.00435866 0.00747198 
0.0236613 0.127024 0.0236613 0.00124533 0.804483 0.0105853 0.00933998 
0.0136986 0.655666 0.0255293 0.00124533 0.20797 0.0716065 0.0242839 
0.0834371 0.504359 0.184309 0.00249066 0.203611 0.0155666 0.00622665 
0.0504359 0.160648 0.0491905 0.56787 0.129514 0.0242839 0.0180573 
0.496887 0.100249 0.333126 0 0.0554172 0.013076 0.00124533 
0.0510585 0.00809465 0.900374 0 0.0286426 0.0118306 0 
0.0703611 0.0280199 0.233499 0.00311333 0.539228 0.12391 0.001868 
0.0224159 0.112702 0.0348692 0.00373599 0.786426 0.0224159 0.0174346 
0.296389 0.0896638 0.450809 0.001868 0.109589 0.0442092 0.00747198 
0.28269 0.0174346 0.506849 0 0.0136986 0.132005 0.0473225 
0.0597758 0.500623 0.0105853 0 0.384807 0.0354919 0.00871731 
0.150685 0.0143213 0.826899 0 0.00124533 0.00684932 0 
0.0105853 0.0529265 0.013076 0.00435866 0.0535492 0.00684932 0.858655 
0.110212 0.228518 0.193026 0.0267746 0.351806 0.0691158 0.0205479 
0 0.00249066 0.99066 0 0.00249066 0.00311333 0.00124533 
0.0884184 0.173724 0.0579078 0.368618 0.202366 0.0765878 0.0323786 
0.000622665 0.001868 0.0136986 0.978207 0.00311333 0.000622665 0.001868 
0.0946451 0.0410959 0.0417186 0 0.0118306 0.81071 0 
0.00996264 0.0143213 0.0118306 0.930262 0.0236613 0.00560399 0.00435866 
0.0448319 0.12142 0.00871731 0.00249066 0.0759651 0.74533 0.00124533 
0.0118306 0.963263 0.001868 0.00249066 0.00560399 0.00684932 0.00809465 
0.12391 0.0224159 0.420922 0.011208 0.0255293 0.395392 0.000622665 
0.569738 0.0622665 0.107721 0.000622665 0.0273973 0.220423 0.0118306 
0.0255293 0.0199253 0.925903 0 0.00560399 0.0230386 0 
0.160025 0.0180573 0.814446 0.000622665 0.00560399 0.000622665 0.000622665 
0.235367 0.0797011 0.585305 0 0.0404732 0.0572852 0.001868 
0.118929 0.179328 0.151308 0.0255293 0.351183 0.154421 0.0193026 
0.458281 0.163138 0.296389 0.00249066 0.0143213 0.0653798 0 
0.132628 0.194894 0.343711 0.0136986 0.255293 0.0224159 0.0373599 
0.1868 0.0255293 0.768369 0.00124533 0.00809465 0.00809465 0.001868 
0.0143213 0.00249066 0.00373599 0.976339 0.00311333 0 0 
0.100872 0.0323786 0.777709 0.000622665 0.0323786 0.0516812 0.00435866 
0.560399 0.0354919 0.160025 0.000622665 0.236613 0.00311333 0.00373599 
0.182441 0.0803238 0.309465 0.00124533 0.410959 0.0124533 0.00311333 
0.0323786 0.0479452 0.151308 0.308842 0.0236613 0.428394 0.00747198 
0.101494 0.0666252 0.517435 0.0118306 0.266501 0.0292653 0.00684932 
0.00560399 0.0174346 0.0136986 0.935866 0.00435866 0.000622665 0.0224159 
0.0124533 0.001868 0.976961 0 0.000622665 0.00747198 0.000622665 
0.178705 0.488169 0.0647572 0.001868 0.175592 0.0884184 0.00249066 
0.10274 0.305729 0.0846824 0.0716065 0.216687 0.204234 0.0143213 
0.12142 0.013076 0.792653 0.00373599 0.0516812 0.00560399 0.0118306 
0.0485679 0.237858 0.0124533 0 0.0473225 0.653176 0.000622665 
0.0790785 0.00560399 0.0603985 0.846824 0.00809465 0 0 
0.60274 0.0255293 0.0317559 0 0.00684932 0.333126 0 
0.116438 0.150685 0.619552 0.0871731 0.016812 0.00933998 0 
0.220423 0.0199253 0.589041 0 0.0504359 0.119552 0.000622665 
0.0747198 0.0417186 0.843088 0.00124533 0.0261519 0.00871731 0.00435866 
0.132628 0.430262 0.276463 0.00996264 0.0853051 0.0566625 0.00871731 
0.0417186 0.101494 0.796389 0.00498132 0.0317559 0.016812 0.00684932 
0.0193026 0.31071 0.0753425 0.381071 0.205479 0.00809465 0 
0.00435866 0.0273973 0.646326 0.306974 0.011208 0.001868 0.001868 
0.000622665 0.00124533 0.00124533 0.996264 0.000622665 0 0 
0 0.00435866 0.00124533 0.987547 0.00622665 0.000622665 0 
0.00311333 0.0161893 0.014944 0.0423412 0.014944 0.00498132 0.903487 
0.0616438 0.0193026 0.00373599 0 0.0242839 0.891034 0 
0.0199253 0.722914 0.00996264 0.00435866 0.194271 0.00560399 0.0429639 
0.0305106 0.516812 0.0572852 0.001868 0.338107 0.0354919 0.0199253 
0.0921544 0.36924 0.0280199 0.000622665 0.448319 0.0566625 0.00498132 
0.00373599 0.0255293 0.00684932 0.9066 0.0523039 0.00498132 0 
0.308842 0.198007 0.136986 0.00933998 0.295766 0.0510585 0 
0.0560399 0.336862 0.0610212 0.0236613 0.334994 0.132005 0.0554172 
0.0242839 0.0660025 0.00560399 0.00124533 0.0155666 0.887298 0 
0.0846824 0.00684932 0.810087 0 0.0840598 0.00249066 0.0118306 
0.276463 0.0180573 0.683064 0 0.0174346 0.00249066 0.00249066 
0.0541719 0.0379826 0.0354919 0.013076 0.0896638 0.0410959 0.728518 
0.0217933 0.326899 0.00933998 0 0.601494 0.01868 0.0217933 
0.00871731 0.86924 0.0124533 0.000622665 0.0298879 0.0193026 0.0597758 
0.0155666 0.001868 0.0180573 0.917808 0.0174346 0.0205479 0.00871731 
0 0.00622665 0 0.99066 0.00124533 0.000622665 0.00124533 
0.000622665 0.01868 0.000622665 0.90411 0.0716065 0.00249066 0.001868 
0.11208 0.0454545 0.759651 0.00124533 0.0678705 0.00871731 0.00498132 
0.0647572 0.156289 0.0255293 0.318804 0.331258 0.0560399 0.0473225 
0.00435866 0.00311333 0.987547 0 0 0 0.00498132 
0.0442092 0.17061 0.0180573 0 0.710461 0.0535492 0.00311333 
0.0485679 0.323786 0.0572852 0.00373599 0.0902864 0.457036 0.0193026 
0.206102 0.55604 0.0660025 0 0.11208 0.0585305 0.00124533 
0.0622665 0.209215 0.208593 0.135118 0.173724 0.184309 0.0267746 
0.00498132 0.00684932 0.0255293 0.921544 0.016812 0.014944 0.00933998 
0.00435866 0.00933998 0.011208 0.945205 0.00996264 0.016812 0.00311333 
0.0267746 0.527397 0.0242839 0.00684932 0.211706 0.151308 0.0516812 
0.013076 0.284558 0.0105853 0.001868 0.657534 0.0174346 0.014944 
0.0298879 0.432752 0.0660025 0.00871731 0.417186 0.0330012 0.0124533 
0.324408 0.117061 0.513076 0 0.0118306 0.0336239 0 
0.151308 0.0273973 0.815691 0 0.00435866 0.00124533 0 
0.128892 0.259029 0.118306 0.0180573 0.268369 0.193649 0.0136986 
0.0547945 0.01868 0.00249066 0 0.01868 0.905355 0 
0.161893 0.212951 0.0958904 0.0211706 0.320672 0.187422 0 
0.0286426 0.0161893 0.86675 0 0.0790785 0.00747198 0.001868 
0 0.00622665 0.00747198 0.970112 0.011208 0.00435866 0.000622665 
0.0105853 0.914072 0 0 0.0728518 0.00249066 0 
0.420922 0.145704 0.268991 0.00373599 0.0722291 0.0560399 0.0323786 
0.104608 0.227273 0.556663 0.000622665 0.0803238 0.016812 0.0136986 
0.0429639 0.0466999 0.459527 0.416563 0.013076 0.00996264 0.011208 
0.0927771 0.0572852 0.0249066 0.00124533 0.0367372 0.783313 0.00373599 
0.0298879 0.0460772 0.0398506 0.82005 0.0610212 0.00124533 0.001868 
0.0442092 0.0317559 0.834371 0.001868 0 0.0784558 0.00933998 
0.0323786 0.0797011 0.0392279 0.001868 0.808219 0.0323786 0.00622665 
0.0174346 0.125156 0.0118306 0.00809465 0.0342466 0.00435866 0.798879 
0.13325 0.100872 0.0716065 0.00747198 0.64944 0.0336239 0.00373599 
0.0504359 0.261519 0.260274 0.0205479 0.248443 0.0983811 0.0603985 
0.117684 0.0267746 0.661893 0 0.0292653 0.163761 0.000622665 
0.0267746 0.544832 0.128269 0.00311333 0.176837 0.0946451 0.0255293 
0.00124533 0.00311333 0.00435866 0.979452 0.00622665 0.001868 0.00373599 
0.0317559 0.0485679 0.678705 0 0.0466999 0.193026 0.00124533 
0.212329 0.0199253 0.713574 0.000622665 0.0379826 0.0143213 0.00124533 
0.156912 0.11208 0.0965131 0.00373599 0.107721 0.516812 0.00622665 
0.00249066 0.00498132 0.000622665 0.000622665 0.0417186 0.000622665 0.948941 
0.0348692 0.231009 0.0236613 0 0.694894 0.014944 0.000622665 
0.239103 0.0566625 0.513699 0 0.145081 0.0342466 0.011208 
0.0193026 0.897883 0.00684932 0 0.0249066 0.0504359 0.000622665 
0.00560399 0.0249066 0.013076 0.897883 0.0379826 0.00933998 0.011208 
0.210461 0.0317559 0.0249066 0 0.00871731 0.723537 0.000622665 
0.00124533 0.00622665 0.972603 0.000622665 0.0118306 0.00747198 0 
0.222914 0.00498132 0.740349 0 0.00249066 0.0286426 0.000622665 
0.00498132 0.0628892 0.0143213 0 0.899128 0.00933998 0.00933998 
0.113325 0.0772105 0.293275 0.0915318 0.0541719 0.361768 0.00871731 
0.0330012 0.492528 0.0267746 0.00311333 0.115193 0.110834 0.218555 
0.013076 0.0286426 0.0230386 0.861768 0.0442092 0.01868 0.0105853 
0.000622665 0.0124533 0.00124533 0.941469 0.0298879 0.00560399 0.00871731 
0.175592 0.107098 0.526152 0.00622665 0.0591532 0.12142 0.00435866 
0.138854 0.0305106 0.599004 0.00249066 0.0354919 0.189913 0.00373599 
0.0479452 0.0554172 0.0622665 0.760274 0.0292653 0.0342466 0.0105853 
0.431507 0.0853051 0.47198 0 0.00622665 0.00498132 0 
0.660648 0.0317559 0.233499 0.000622665 0.0691158 0.001868 0.00249066 
0.15193 0.285181 0.208593 0.0143213 0.10274 0.227273 0.00996264 
0.0597758 0.291407 0.224159 0.120797 0.242839 0.0442092 0.016812 
0.269614 0.0940224 0.541096 0 0.0772105 0.0180573 0 
0.00684932 0.0361146 0.0211706 0.896015 0.0261519 0.00747198 0.00622665 
0.011208 0.869863 0.00871731 0 0.0273973 0.0616438 0.0211706 
0.0305106 0.532379 0.0734745 0.00435866 0.181196 0.12391 0.0541719 
0.00560399 0.00622665 0.00249066 0.943337 0.011208 0.0217933 0.00933998 
0.361768 0.125778 0.440224 0.000622665 0.0560399 0.013076 0.00249066 
0.165629 0.00933998 0.775841 0 0.0273973 0.0217933 0 
0.0236613 0.00249066 0.952677 0 0.016812 0.00435866 0 
0.0336239 0.239726 0.0199253 0.011208 0.0784558 0.603362 0.0136986 
0.379203 0.122042 0.318804 0 0.0224159 0.157534 0 
0.183064 0.0124533 0.0180573 0.748443 0.0205479 0.016812 0.000622665 
0.0273973 0.0429639 0.0410959 0.807597 0.0423412 0.0180573 0.0205479 
0.0635118 0.255915 0.014944 0.00871731 0.435866 0.211083 0.00996264 
0.0242839 0.304483 0.0261519 0.00249066 0.608344 0.0317559 0.00249066 
0.120174 0.110834 0.347447 0.00809465 0.204857 0.193026 0.0155666 
0.0348692 0.0124533 0.0554172 0.858655 0.0161893 0.00996264 0.0124533 
0.288917 0.0828144 0.176214 0.206725 0.107098 0.13076 0.00747198 
0.0267746 0.3132 0.00311333 0 0.511208 0.144458 0.00124533 
0.153176 0.153798 0.388543 0.00684932 0.267123 0.00809465 0.0224159 
0.345579 0.0691158 0.559776 0.00124533 0.00996264 0.0136986 0.000622665 
0.153176 0.165006 0.00747198 0 0.0292653 0.638232 0.00684932 
0.0466999 0.0336239 0.0199253 0.859278 0.0354919 0.00124533 0.00373599 
0.344956 0.148817 0.281445 0.00124533 0.200498 0.0230386 0 
0.0641345 0.227895 0.409091 0.0778331 0.108344 0.0915318 0.0211706 
0.00435866 0.0193026 0.00498132 0 0.001868 0 0.969489 
0.0280199 0.117684 0.0479452 0.407846 0.172478 0.216687 0.00933998 
0.00498132 0.0255293 0.011208 0.915318 0.0305106 0.00373599 0.00871731 
0.00933998 0.0217933 0.0180573 0.930884 0.0180573 0 0.001868 
0.00311333 0.00560399 0.0224159 0.38792 0.016812 0.00498132 0.559153 
0.465753 0.0896638 0.23599 0 0.175592 0.0323786 0.000622665 
0.00933998 0.0217933 0.0205479 0.907846 0.0217933 0.0143213 0.00435866 
0.00124533 0.661893 0.00435866 0.284558 0.0124533 0.0348692 0.000622665 
0.0305106 0.011208 0.933375 0 0.00996264 0.0136986 0.00124533 
0.0747198 0.66812 0.0410959 0.000622665 0.171856 0.0311333 0.0124533 
0.145081 0.0336239 0.0877958 0.429016 0.103985 0.197385 0.00311333 
0.180573 0.287671 0.0840598 0.0448319 0.277709 0.11457 0.0105853 
0.222291 0.1401 0.23599 0.00249066 0.231009 0.156289 0.0118306 
0 0.0180573 0.00996264 0.94396 0.0280199 0 0 
0.110212 0.280199 0.43213 0 0.153176 0.0211706 0.00311333 
0.01868 0.0510585 0.0155666 0 0.907223 0.001868 0.00560399 
0.0784558 0.118306 0.0821918 0.0466999 0.606476 0.0479452 0.0199253 
0.00498132 0.0155666 0.00498132 0.957659 0.0161893 0.000622665 0 
0.0448319 0.0435866 0.0217933 0.001868 0.0317559 0.853051 0.00311333 
0.0361146 0.0267746 0.756538 0.000622665 0.156289 0.0217933 0.001868 
0.178705 0.0305106 0.755293 0 0.014944 0.0199253 0.000622665 
0.0386052 0.011208 0.889788 0.00435866 0.0547945 0.00124533 0 
0.0946451 0.159402 0.683686 0.00311333 0.0217933 0.0330012 0.00435866 
0.00124533 0.00996264 0 0.981943 0.00249066 0.00435866 0 
0.00871731 0.013076 0.00622665 0.962017 0.00747198 0.000622665 0.001868 
0.0759651 0.229763 0.126401 0.255915 0.15193 0.158157 0.001868 
0.0541719 0.0336239 0.0330012 0.718555 0.0946451 0.0348692 0.0311333 
0.287671 0.0722291 0.613325 0 0.0136986 0.013076 0 
0.244085 0.128892 0.364259 0.00747198 0.201121 0.0404732 0.0136986 
0.0105853 0.0516812 0.0971357 0.709838 0.0616438 0.0666252 0.00249066 
0.00871731 0.0105853 0.00560399 0.968244 0.00311333 0.00124533 0.00249066 
0.417808 0.0740971 0.379203 0.00498132 0.113325 0.00684932 0.00373599 
0.0330012 0.4533 0.0485679 0.145081 0.211706 0.014944 0.0933998 
0.0273973 0.545455 0.0249066 0.259029 0.0865504 0.0180573 0.0386052 
0.0386052 0.0342466 0.00933998 0.917186 0.000622665 0 0 
0.666874 0.0211706 0.275218 0.001868 0.0193026 0.00684932 0.00871731 
0.0242839 0.473848 0.0417186 0.00311333 0.376712 0.0678705 0.0124533 
0.0336239 0.400996 0.0554172 0.00871731 0.43462 0.016812 0.0498132 
0.0161893 0.0753425 0.0753425 0.718555 0.0423412 0.0660025 0.00622665 
0.0249066 0.011208 0.0205479 0.89726 0.0255293 0.011208 0.00933998 
0.270859 0.0622665 0.497509 0.000622665 0.016812 0.15193 0 
0.0902864 0.0193026 0.85056 0.00124533 0.0305106 0.00435866 0.00373599 
0.0392279 0.211083 0.0280199 0.596513 0.112702 0.0118306 0.000622665 
0.199253 0.115816 0.648817 0.000622665 0.0136986 0.0193026 0.00249066 
0.0572852 0.01868 0 0.914695 0.000622665 0.00871731 0 
0.0716065 0.384184 0.0828144 0.00933998 0.37858 0.0541719 0.0193026 
0 0.0535492 0 0.924658 0.00747198 0.00373599 0.0105853 
0.502491 0.11457 0.119552 0.00311333 0.0529265 0.202989 0.00435866 
0.00933998 0.0342466 0.00373599 0 0.0124533 0.935243 0.00498132 
0.301993 0.0504359 0.480075 0.00560399 0.0996264 0.0585305 0.00373599 
0.016812 0.0560399 0.0261519 0.74533 0.102117 0.0199253 0.0336239 
0.0429639 0.0747198 0.721046 0.00560399 0.0877958 0.0597758 0.00809465 
0.165006 0.169988 0.272727 0.158157 0.134496 0.0747198 0.0249066 
0.0890411 0.376712 0.0853051 0.0336239 0.349315 0.0429639 0.0230386 
0 0.00747198 0.001868 0 0.000622665 0 0.990037 
0.0566625 0.501868 0.00311333 0 0.398506 0.0242839 0.0155666 
0.0336239 0.001868 0.957036 0.00311333 0.00124533 0.00311333 0 
0.0155666 0.0261519 0.952055 0 0.00249066 0.00311333 0.000622665 
0.0597758 0.395392 0.0224159 0 0.0423412 0.476339 0.00373599 
0.538605 0.250311 0.16812 0 0.0342466 0.00809465 0.000622665 
0.0684932 0.001868 0.905978 0 0.0217933 0.001868 0 
0.145704 0.0504359 0.622042 0 0.00809465 0.173101 0.000622665 
0.000622665 0.00249066 0.00249066 0 0 0 0.994396 
0.0734745 0.281445 0.237858 0.0871731 0.0728518 0.120174 0.127024 
0.000622665 0 0.001868 0 0 0.000622665 0.996887 
0.240349 0.0834371 0.59589 0.0410959 0.0155666 0.0136986 0.00996264 
0.01868 0.0286426 0.0491905 0.874222 0.0242839 0.00311333 0.001868 
0.470112 0.0628892 0.306974 0 0.0124533 0.147572 0 
0.153798 0.171233 0.418431 0.0124533 0.204857 0.0286426 0.0105853 
0.165006 0.119552 0.597758 0.0516812 0.0398506 0.0205479 0.00560399 
0.00498132 0.00373599 0.00311333 0.955168 0.0105853 0.0199253 0.00249066 
0.00622665 0.0280199 0.0199253 0.912827 0.0161893 0.014944 0.001868 
0.0541719 0.600872 0.0161893 0 0.0834371 0.244707 0.000622665 
0.00498132 0.00435866 0.98132 0 0.001868 0.00747198 0 
0.00373599 0.00560399 0.00124533 0.001868 0.00249066 0.00249066 0.982565 
0.262765 0.318804 0.343088 0 0.014944 0.0560399 0.00435866 
0.0821918 0.0610212 0.0249066 0 0.0236613 0.807597 0.000622665 
0.00684932 0.879203 0.0124533 0.001868 0.0367372 0.0491905 0.0136986 
0.0740971 0.00871731 0.903487 0 0.0105853 0.00249066 0.000622665 
0.00498132 0.0105853 0.0124533 0.938979 0.0161893 0.0105853 0.00622665 
0.549191 0.0504359 0.283313 0 0.00373599 0.113325 0 
0.00124533 0.0155666 0.00249066 0.00747198 0.00871731 0 0.964508 
0.183686 0.0672478 0.216065 0 0.0772105 0.455168 0.000622665 
0.141968 0.536737 0.288294 0.00124533 0.0230386 0.001868 0.00684932 
0.460149 0.105853 0.10523 0.000622665 0.0442092 0.272727 0.011208 
0.156912 0.1868 0.0815691 0.00684932 0.558531 0.00747198 0.001868 
0.001868 0.967621 0.00622665 0 0.00747198 0.00996264 0.00684932 
0.108344 0.137609 0.627024 0.00311333 0.0921544 0.0193026 0.0124533 
0.00435866 0.00622665 0.0535492 0.922167 0.00311333 0.00996264 0.000622665 
0.0249066 0.601494 0.0460772 0.00747198 0.14259 0.125156 0.0523039 
0.646326 0.0280199 0.297634 0 0.0249066 0.000622665 0.00249066 
0.35056 0.0330012 0.453923 0.00435866 0.00996264 0.145081 0.00311333 
0.663761 0.119552 0.0728518 0 0.128269 0.0124533 0.00311333 
0.0579078 0.233499 0.145704 0.0336239 0.42279 0.0784558 0.0280199 
