0.00714286 0.0214286 0.167857 0.0321429 0.221429 0.05 0.432143 0.0321429 0.00714286 0.0285714 
0.192857 0.05 0.142857 0.110714 0.0571429 0.117857 0.0321429 0.075 0.135714 0.0857143 
0.0142857 0.0392857 0.0821429 0.139286 0.153571 0.253571 0.164286 0.103571 0.025 0.025 
0.00714286 0.0285714 0.214286 0.0392857 0.242857 0.110714 0.260714 0.0642857 0.00714286 0.025 
0.0321429 0.05 0.107143 0.125 0.121429 0.103571 0.239286 0.0464286 0.114286 0.0607143 
0.132143 0.189286 0.0357143 0.0642857 0.0392857 0.0214286 0.0142857 0.0464286 0.3 0.157143 
0.0535714 0.0571429 0.146429 0.132143 0.107143 0.157143 0.160714 0.0714286 0.0535714 0.0607143 
0.0107143 0.0357143 0.1 0.164286 0.175 0.157143 0.189286 0.128571 0.00357143 0.0357143 
0.117857 0.0892857 0.0857143 0.0892857 0.0892857 0.075 0.0392857 0.207143 0.0428571 0.164286 
0.117857 0.0857143 0.05 0.0392857 0.0321429 0.00714286 0.0142857 0.0142857 0.578571 0.0607143 
0.385714 0.05 0.0607143 0.0285714 0.0535714 0.0321429 0.0321429 0.0857143 0.157143 0.114286 
0.0714286 0.0357143 0.107143 0.110714 0.121429 0.146429 0.171429 0.103571 0.0285714 0.103571 
0.239286 0.0571429 0.0714286 0.107143 0.00714286 0.0285714 0.0107143 0.0714286 0.121429 0.285714 
0.0357143 0.132143 0.139286 0.125 0.107143 0.157143 0.0714286 0.0642857 0.0428571 0.125 
0.0785714 0.0642857 0.0928571 0.0607143 0.0642857 0.075 0.075 0.0964286 0.153571 0.239286 
0.0392857 0.0714286 0.132143 0.107143 0.128571 0.128571 0.114286 0.160714 0.0321429 0.0857143 
0.0678571 0.121429 0.139286 0.128571 0.0464286 0.164286 0.0678571 0.1 0.05 0.114286 
0.0571429 0.0285714 0.1 0.153571 0.117857 0.139286 0.178571 0.0964286 0.0714286 0.0571429 
0.05 0.175 0.0785714 0.0892857 0.0714286 0.103571 0.0642857 0.175 0.0785714 0.114286 
0.0428571 0.0321429 0.103571 0.075 0.182143 0.0428571 0.342857 0.0785714 0.0321429 0.0678571 
0.0928571 0.0607143 0.0928571 0.189286 0.05 0.328571 0.0178571 0.0642857 0.0535714 0.05 
0.0857143 0.267857 0.05 0.0392857 0.0392857 0.0321429 0.025 0.0821429 0.114286 0.264286 
0.207143 0.0571429 0.0642857 0.0678571 0.0392857 0.0321429 0.0357143 0.0464286 0.325 0.125 
0.0535714 0.0535714 0.160714 0.175 0.1 0.185714 0.0785714 0.0857143 0.0571429 0.05 
0.335714 0.0321429 0.128571 0.1 0.0535714 0.0928571 0.0178571 0.0392857 0.132143 0.0678571 
0.417857 0.0857143 0.0857143 0.0678571 0.0357143 0.0321429 0.0142857 0.0214286 0.160714 0.0785714 
0.075 0.0392857 0.075 0.253571 0.117857 0.142857 0.0642857 0.0642857 0.128571 0.0392857 
0.0607143 0.0285714 0.107143 0.221429 0.0714286 0.214286 0.139286 0.0678571 0.0321429 0.0571429 
0.0285714 0.1 0.121429 0.0892857 0.2 0.128571 0.0428571 0.203571 0.0464286 0.0392857 
0.0142857 0.0285714 0.0964286 0.125 0.146429 0.0857143 0.353571 0.0857143 0.0178571 0.0464286 
0.0964286 0.207143 0.0678571 0.05 0.0607143 0.0392857 0.0214286 0.0321429 0.110714 0.314286 
0.0214286 0.0392857 0.175 0.171429 0.0928571 0.185714 0.0964286 0.0928571 0.0357143 0.0892857 
0.107143 0.0642857 0.0571429 0.153571 0.0428571 0.0821429 0.0857143 0.171429 0.0714286 0.164286 
0.0928571 0.1 0.132143 0.114286 0.0714286 0.0678571 0.025 0.121429 0.103571 0.171429 
0.0214286 0 0.310714 0.0571429 0.25 0.110714 0.157143 0.0464286 0.025 0.0214286 
0.107143 0.0892857 0.0642857 0.05 0.296429 0.0392857 0.0607143 0.15 0.0642857 0.0785714 
0.0178571 0.0321429 0.107143 0.171429 0.117857 0.196429 0.246429 0.0857143 0.00714286 0.0178571 
0.110714 0.310714 0.0285714 0.0607143 0.025 0.0714286 0.0142857 0.0357143 0.214286 0.128571 
0.0428571 0.1 0.114286 0.0714286 0.171429 0.107143 0.117857 0.107143 0.05 0.117857 
0.0821429 0.135714 0.075 0.114286 0.0571429 0.0928571 0.0785714 0.1 0.0571429 0.207143 
0.05 0.0785714 0.0964286 0.128571 0.114286 0.0785714 0.0642857 0.196429 0.05 0.142857 
0.0464286 0.0892857 0.117857 0.0892857 0.167857 0.117857 0.160714 0.0892857 0.0428571 0.0785714 
0.0821429 0.303571 0.0642857 0.0392857 0.05 0.0392857 0.0357143 0.0357143 0.182143 0.167857 
0.0678571 0.025 0.075 0.142857 0.107143 0.107143 0.075 0.239286 0.0535714 0.107143 
0.0571429 0.1 0.103571 0.192857 0.0464286 0.125 0.0607143 0.0857143 0.0607143 0.167857 
0.0678571 0.132143 0.114286 0.121429 0.0857143 0.189286 0.0892857 0.132143 0.0107143 0.0571429 
0.546429 0.0321429 0.167857 0.00714286 0.0321429 0.0178571 0.00714286 0.0321429 0.146429 0.0107143 
0.1 0.114286 0.0785714 0.0535714 0.0892857 0.0428571 0.025 0.0607143 0.271429 0.164286 
0.0821429 0.171429 0.0714286 0.107143 0.0821429 0.142857 0.0642857 0.0821429 0.0642857 0.132143 
0.0178571 0.0285714 0.0892857 0.253571 0.125 0.196429 0.207143 0.0357143 0.0178571 0.0285714 
0.0964286 0.0857143 0.146429 0.114286 0.0785714 0.157143 0.0214286 0.0928571 0.103571 0.103571 
0.0714286 0.075 0.103571 0.0964286 0.267857 0.0571429 0.0821429 0.117857 0.0607143 0.0678571 
0.0392857 0.0178571 0.328571 0.0535714 0.192857 0.175 0.0964286 0.0571429 0.0214286 0.0178571 
0.0714286 0.107143 0.103571 0.1 0.0892857 0.0678571 0.0678571 0.0785714 0.0928571 0.221429 
0.114286 0.117857 0.0428571 0.0214286 0.0392857 0.0107143 0.0142857 0.0214286 0.385714 0.232143 
0.0107143 0.0392857 0.0821429 0.189286 0.15 0.2 0.153571 0.15 0.0142857 0.0107143 
0.05 0.0107143 0.192857 0.2 0.117857 0.242857 0.0642857 0.075 0.0178571 0.0285714 
0.05 0.128571 0.1 0.128571 0.0714286 0.171429 0.0857143 0.0892857 0.0642857 0.110714 
0.0892857 0.125 0.0535714 0.0785714 0.0785714 0.0357143 0.025 0.135714 0.0607143 0.317857 
0.0678571 0.128571 0.107143 0.0678571 0.175 0.0821429 0.0714286 0.178571 0.0535714 0.0678571 
0.0285714 0.417857 0.0428571 0.0785714 0.0535714 0.0535714 0.0214286 0.0714286 0.0607143 0.171429 
0.0321429 0.0285714 0.1 0.0714286 0.242857 0.0857143 0.314286 0.0785714 0.0214286 0.025 
0.264286 0.0178571 0.0428571 0.0178571 0.0142857 0.00714286 0.00357143 0.00357143 0.610714 0.0178571 
0.164286 0.075 0.164286 0.0892857 0.075 0.125 0.0428571 0.0642857 0.128571 0.0714286 
0.0178571 0.0428571 0.0571429 0.075 0.210714 0.110714 0.310714 0.132143 0.00357143 0.0392857 
0.139286 0.128571 0.0321429 0.0178571 0.0428571 0.0178571 0.0178571 0.00357143 0.528571 0.0714286 
0.0428571 0.0642857 0.05 0.135714 0.0607143 0.0607143 0.275 0.139286 0.0464286 0.125 
0.175 0.0928571 0.103571 0.0892857 0.0714286 0.075 0.0142857 0.0607143 0.232143 0.0857143 
0.0678571 0.0321429 0.0392857 0.410714 0.0464286 0.235714 0.0107143 0.0678571 0.0428571 0.0464286 
0.0642857 0.0535714 0.121429 0.103571 0.0785714 0.110714 0.0428571 0.239286 0.0428571 0.142857 
0.025 0.0178571 0.103571 0.2 0.139286 0.107143 0.15 0.189286 0.025 0.0428571 
0.0607143 0.125 0.0785714 0.0821429 0.1 0.0678571 0.0535714 0.178571 0.0892857 0.164286 
0.246429 0.132143 0.0464286 0.0464286 0.025 0.05 0.0464286 0.0357143 0.214286 0.157143 
0.0464286 0.0857143 0.114286 0.0821429 0.196429 0.0714286 0.132143 0.135714 0.0392857 0.0964286 
0.0428571 0.0392857 0.0678571 0.121429 0.117857 0.182143 0.15 0.185714 0.05 0.0428571 
0.0357143 0.0678571 0.0892857 0.210714 0.132143 0.171429 0.0642857 0.0928571 0.0392857 0.0964286 
0.417857 0.0464286 0.110714 0.0607143 0.0285714 0.0607143 0.0107143 0.0214286 0.221429 0.0214286 
0.0821429 0.075 0.125 0.107143 0.114286 0.0785714 0.178571 0.0571429 0.0857143 0.0964286 
0.0928571 0.0392857 0.146429 0.121429 0.0607143 0.103571 0.117857 0.103571 0.0714286 0.142857 
0.167857 0.196429 0.0642857 0.0178571 0.075 0.0178571 0.0285714 0.0357143 0.303571 0.0928571 
0.025 0.0214286 0.0464286 0.203571 0.0285714 0.5 0.0571429 0.0571429 0.0214286 0.0392857 
0.282143 0.0678571 0.0535714 0.0285714 0.0321429 0.0142857 0.0107143 0.0142857 0.478571 0.0178571 
0.0821429 0.0607143 0.242857 0.0428571 0.107143 0.178571 0.0857143 0.15 0.0142857 0.0357143 
0.0392857 0.025 0.0928571 0.135714 0.225 0.117857 0.264286 0.0428571 0.0321429 0.025 
0.0642857 0.0464286 0.0678571 0.0785714 0.107143 0.142857 0.189286 0.0928571 0.103571 0.107143 
0.0535714 0.075 0.146429 0.146429 0.0928571 0.139286 0.0285714 0.178571 0.0428571 0.0964286 
0.0535714 0.0321429 0.139286 0.157143 0.139286 0.242857 0.0821429 0.0464286 0.05 0.0571429 
0.0785714 0.128571 0.0571429 0.0714286 0.0785714 0.0678571 0.0321429 0.15 0.0928571 0.242857 
0.075 0.0821429 0.146429 0.103571 0.157143 0.142857 0.0857143 0.0928571 0.0428571 0.0714286 
0.0107143 0.0392857 0.0464286 0.221429 0.103571 0.185714 0.189286 0.178571 0.0142857 0.0107143 
0.0178571 0.0428571 0.0785714 0.1 0.228571 0.110714 0.25 0.153571 0.00357143 0.0142857 
0.0642857 0.0285714 0.0714286 0.135714 0.1 0.139286 0.171429 0.185714 0.0321429 0.0714286 
0.228571 0.0607143 0.0535714 0.025 0.0464286 0.0142857 0.00357143 0.0321429 0.439286 0.0964286 
0.0607143 0.0107143 0.0892857 0.189286 0.117857 0.0857143 0.182143 0.182143 0.0214286 0.0607143 
0.0178571 0.0357143 0.225 0.0392857 0.328571 0.0964286 0.1 0.103571 0.0321429 0.0214286 
0.125 0.203571 0.0928571 0.0535714 0.0428571 0.121429 0.0178571 0.128571 0.0821429 0.132143 
0.0285714 0.0964286 0.132143 0.1 0.135714 0.0785714 0.0464286 0.175 0.0571429 0.15 
0.25 0.0892857 0.0892857 0.0642857 0.0428571 0.107143 0.0214286 0.0785714 0.164286 0.0928571 
0.025 0.0285714 0.114286 0.157143 0.171429 0.1 0.189286 0.110714 0.0321429 0.0714286 
0.0392857 0.0785714 0.0464286 0.139286 0.0714286 0.0821429 0.1 0.321429 0.0357143 0.0857143 
0.117857 0.228571 0.0428571 0.0428571 0.0285714 0.0357143 0.0178571 0.00357143 0.221429 0.260714 
0.0214286 0.0142857 0.357143 0.0607143 0.160714 0.178571 0.0964286 0.0678571 0.0285714 0.0142857 
0.153571 0.0714286 0.0857143 0.0571429 0.05 0.0785714 0.0321429 0.1 0.178571 0.192857 
0.0964286 0.0428571 0.0535714 0.189286 0.0785714 0.171429 0.0964286 0.107143 0.0714286 0.0928571 
0.0535714 0.339286 0.0785714 0.0642857 0.05 0.075 0.025 0.0857143 0.05 0.178571 
0.0107143 0.0107143 0.314286 0.0428571 0.3 0.0321429 0.242857 0.0285714 0.00357143 0.0142857 
0.0464286 0.128571 0.0892857 0.135714 0.110714 0.178571 0.0857143 0.121429 0.0142857 0.0892857 
0.175 0.175 0.0428571 0.0392857 0.05 0.0321429 0.0178571 0.0428571 0.239286 0.185714 
0.0821429 0.460714 0.0464286 0.0392857 0.0392857 0.025 0.0178571 0.0321429 0.1 0.157143 
0.0178571 0.0142857 0.0964286 0.146429 0.175 0.107143 0.178571 0.132143 0.0428571 0.0892857 
0.0142857 0.0214286 0.121429 0.0821429 0.189286 0.0392857 0.239286 0.239286 0.00357143 0.05 
0.0571429 0.0178571 0.407143 0.0642857 0.153571 0.0785714 0.132143 0.0357143 0.025 0.0285714 
0.0464286 0.185714 0.107143 0.0928571 0.0642857 0.125 0.0607143 0.0857143 0.0392857 0.192857 
0.0214286 0.171429 0.1 0.128571 0.0821429 0.128571 0.110714 0.0857143 0.0571429 0.114286 
0.0107143 0.0392857 0.114286 0.114286 0.210714 0.107143 0.228571 0.146429 0.00357143 0.025 
0.135714 0.153571 0.0392857 0.0535714 0.025 0.0321429 0.0214286 0.0857143 0.175 0.278571 
0.160714 0.182143 0.0428571 0.025 0.0785714 0.025 0.0321429 0.0821429 0.128571 0.242857 
0.128571 0.125 0.0857143 0.139286 0.0714286 0.135714 0.0571429 0.0785714 0.117857 0.0607143 
0.0178571 0.025 0.171429 0.0964286 0.153571 0.214286 0.128571 0.132143 0.025 0.0357143 
0.0892857 0.0928571 0.0821429 0.0714286 0.0607143 0.075 0.0607143 0.210714 0.0678571 0.189286 
0.0535714 0.285714 0.0785714 0.0821429 0.075 0.128571 0.0357143 0.0607143 0.0964286 0.103571 
0.05 0.128571 0.0714286 0.05 0.167857 0.114286 0.0785714 0.182143 0.0642857 0.0928571 
0.160714 0.203571 0.0571429 0.0392857 0.0571429 0.0285714 0.025 0.025 0.296429 0.107143 
0.0285714 0.075 0.0857143 0.175 0.114286 0.132143 0.0821429 0.0964286 0.0821429 0.128571 
0.146429 0.0571429 0.135714 0.107143 0.103571 0.121429 0.0357143 0.0928571 0.125 0.075 
0.0607143 0.107143 0.0464286 0.210714 0.0714286 0.228571 0.0571429 0.0571429 0.0714286 0.0892857 
0.0107143 0.0107143 0.210714 0.0964286 0.207143 0.235714 0.157143 0.0428571 0.0142857 0.0142857 
0.0142857 0.0214286 0.107143 0.121429 0.171429 0.167857 0.242857 0.103571 0.0178571 0.0321429 
0.0642857 0.278571 0.0714286 0.05 0.0321429 0.0642857 0.0392857 0.0714286 0.0464286 0.282143 
0.0285714 0.0285714 0.196429 0.0428571 0.35 0.0714286 0.210714 0.0392857 0.0142857 0.0178571 
0.0428571 0.025 0.414286 0.0464286 0.135714 0.1 0.1 0.075 0.0178571 0.0428571 
0.0178571 0.0464286 0.135714 0.103571 0.142857 0.207143 0.0571429 0.157143 0.0464286 0.0857143 
0.0571429 0.0107143 0.171429 0.25 0.0714286 0.203571 0.0642857 0.0714286 0.0535714 0.0464286 
0.0428571 0.00714286 0.0678571 0.121429 0.153571 0.0857143 0.375 0.103571 0.0107143 0.0321429 
0.114286 0.285714 0.05 0.0571429 0.0142857 0.05 0.025 0.0357143 0.110714 0.257143 
0.521429 0.00357143 0.325 0.0178571 0.0214286 0.0285714 0.0107143 0.0178571 0.0392857 0.0142857 
0.0821429 0.221429 0.0142857 0.0178571 0.0285714 0.0428571 0.0142857 0.05 0.0785714 0.45 
0.1 0.0428571 0.317857 0.0928571 0.0892857 0.0857143 0.0464286 0.0392857 0.139286 0.0464286 
0.0785714 0.114286 0.142857 0.0785714 0.0964286 0.103571 0.1 0.139286 0.0571429 0.0892857 
0.103571 0.0535714 0.139286 0.0785714 0.117857 0.114286 0.0678571 0.0178571 0.235714 0.0714286 
0.282143 0.132143 0.0535714 0.0821429 0.0928571 0.0892857 0.0214286 0.0357143 0.164286 0.0464286 
0.0535714 0.0464286 0.146429 0.125 0.192857 0.110714 0.128571 0.0642857 0.0428571 0.0892857 
0.0107143 0.0142857 0.0142857 0.0964286 0.121429 0.0535714 0.117857 0.532143 0 0.0392857 
0.132143 0.128571 0.114286 0.0285714 0.0714286 0.025 0.0178571 0.160714 0.103571 0.217857 
0.0535714 0.00714286 0.114286 0.171429 0.128571 0.267857 0.075 0.0571429 0.075 0.05 
0.0428571 0.0357143 0.0821429 0.210714 0.128571 0.135714 0.203571 0.1 0.0357143 0.025 
0.075 0.0607143 0.107143 0.132143 0.0928571 0.157143 0.0964286 0.0964286 0.114286 0.0678571 
0.0535714 0.0964286 0.0821429 0.135714 0.103571 0.203571 0.0964286 0.0714286 0.075 0.0821429 
0.0857143 0.0285714 0.1 0.185714 0.0607143 0.132143 0.221429 0.0857143 0.0321429 0.0678571 
0.075 0.221429 0.0392857 0.0321429 0.0178571 0.0285714 0.025 0.0571429 0.146429 0.357143 
0.0535714 0.0678571 0.05 0.196429 0.0714286 0.139286 0.0678571 0.178571 0.05 0.125 
0.0392857 0.025 0.0964286 0.135714 0.160714 0.160714 0.214286 0.125 0.00357143 0.0392857 
0.0678571 0.260714 0.0571429 0.0607143 0.0857143 0.125 0.0285714 0.110714 0.1 0.103571 
0.0321429 0.05 0.189286 0.107143 0.214286 0.110714 0.182143 0.05 0.0285714 0.0357143 
0.117857 0.0928571 0.0642857 0.114286 0.128571 0.0892857 0.0285714 0.110714 0.157143 0.0964286 
0.3 0.175 0.0464286 0.00714286 0.0392857 0.0321429 0.0178571 0.0535714 0.142857 0.185714 
0.0357143 0.0964286 0.167857 0.196429 0.0892857 0.135714 0.0571429 0.0928571 0.0714286 0.0571429 
0.0857143 0.0857143 0.182143 0.110714 0.185714 0.103571 0.0607143 0.05 0.0464286 0.0892857 
0.0571429 0.0357143 0.114286 0.0964286 0.153571 0.139286 0.142857 0.15 0.0178571 0.0928571 
0.107143 0.0428571 0.203571 0.0678571 0.225 0.0892857 0.0535714 0.114286 0.05 0.0464286 
0.335714 0.114286 0.0357143 0.0214286 0.0785714 0.0214286 0.025 0.0642857 0.164286 0.139286 
0.0142857 0.0321429 0.075 0.203571 0.110714 0.0428571 0.321429 0.117857 0.0357143 0.0464286 
0.0392857 0.0464286 0.0892857 0.210714 0.1 0.192857 0.075 0.110714 0.0285714 0.107143 
0.0464286 0.0285714 0.153571 0.175 0.185714 0.146429 0.103571 0.117857 0.0178571 0.025 
0.0714286 0.264286 0.05 0.0714286 0.05 0.0964286 0.0285714 0.0785714 0.110714 0.178571 
0.0785714 0.0321429 0.175 0.1 0.203571 0.142857 0.110714 0.0964286 0.0357143 0.025 
0.0714286 0.0785714 0.142857 0.114286 0.164286 0.128571 0.0428571 0.0678571 0.0964286 0.0928571 
0.0714286 0.05 0.0785714 0.207143 0.103571 0.146429 0.114286 0.0892857 0.0571429 0.0821429 
0.160714 0.192857 0.0607143 0.0392857 0.0428571 0.0428571 0.0178571 0.025 0.292857 0.125 
0.214286 0.107143 0.075 0.0678571 0.0642857 0.1 0.0107143 0.075 0.15 0.135714 
0.075 0.121429 0.0785714 0.125 0.0785714 0.0928571 0.1 0.110714 0.0857143 0.132143 
0.0428571 0.0357143 0.0857143 0.196429 0.142857 0.153571 0.142857 0.075 0.0428571 0.0821429 
0.0321429 0.025 0.182143 0.175 0.1 0.175 0.217857 0.0321429 0.0285714 0.0321429 
0.0321429 0.0678571 0.0928571 0.0857143 0.114286 0.110714 0.217857 0.160714 0.0321429 0.0857143 
0.0678571 0.05 0.0785714 0.15 0.146429 0.0607143 0.160714 0.135714 0.0571429 0.0928571 
0.0428571 0.0892857 0.0928571 0.171429 0.0892857 0.189286 0.114286 0.0714286 0.05 0.0892857 
0.117857 0.0607143 0.128571 0.0678571 0.139286 0.0821429 0.0928571 0.0928571 0.103571 0.114286 
0.0714286 0.0464286 0.185714 0.125 0.142857 0.125 0.178571 0.0928571 0.00357143 0.0285714 
0.0857143 0.196429 0.0642857 0.05 0.075 0.0535714 0.0428571 0.0964286 0.15 0.185714 
0.0857143 0.075 0.203571 0.128571 0.135714 0.107143 0.0714286 0.0535714 0.0928571 0.0464286 
0.0678571 0.171429 0.121429 0.075 0.0928571 0.0857143 0.0571429 0.0821429 0.107143 0.139286 
0.178571 0.182143 0.0428571 0.0321429 0.0321429 0.0428571 0.0321429 0.025 0.353571 0.0785714 
0.0785714 0.246429 0.0821429 0.0571429 0.0607143 0.0571429 0.0571429 0.135714 0.0428571 0.182143 
0.0214286 0.0285714 0.075 0.214286 0.1 0.257143 0.125 0.110714 0.0214286 0.0464286 
0.0571429 0.0321429 0.239286 0.0392857 0.207143 0.128571 0.0714286 0.125 0.0321429 0.0678571 
0.0142857 0.0357143 0.0642857 0.153571 0.146429 0.196429 0.189286 0.157143 0.025 0.0178571 
0.242857 0.107143 0.0464286 0.0642857 0.0392857 0.0357143 0.0285714 0.171429 0.0571429 0.207143 
0.0857143 0.0571429 0.132143 0.103571 0.0607143 0.157143 0.221429 0.0714286 0.0392857 0.0714286 
0.0178571 0.0321429 0.110714 0.153571 0.207143 0.139286 0.235714 0.0607143 0.0107143 0.0321429 
0.0428571 0.132143 0.121429 0.146429 0.0892857 0.132143 0.107143 0.0928571 0.0714286 0.0642857 
0.0142857 0.0357143 0.05 0.128571 0.1 0.142857 0.364286 0.125 0.00714286 0.0321429 
0.0535714 0.192857 0.110714 0.0714286 0.0892857 0.0785714 0.0571429 0.125 0.0428571 0.178571 
0.075 0.296429 0.0678571 0.0571429 0.0535714 0.0428571 0.0107143 0.0357143 0.0964286 0.264286 
0.367857 0.0285714 0.0892857 0.0214286 0.05 0.0321429 0.0107143 0.0107143 0.353571 0.0357143 
0.0321429 0.0464286 0.0964286 0.178571 0.114286 0.146429 0.153571 0.121429 0.0535714 0.0571429 
0.0321429 0.375 0.0571429 0.128571 0.05 0.0714286 0.0321429 0.0714286 0.0428571 0.139286 
0.05 0.0392857 0.110714 0.239286 0.0857143 0.175 0.139286 0.107143 0.0214286 0.0321429 
0.0607143 0.525 0.025 0.0464286 0.0214286 0.0535714 0.0178571 0.0464286 0.05 0.153571 
0.0357143 0.0214286 0.146429 0.0357143 0.328571 0.1 0.160714 0.125 0.0142857 0.0321429 
0.0464286 0.0428571 0.117857 0.15 0.135714 0.153571 0.0964286 0.142857 0.0392857 0.075 
0.0607143 0.0464286 0.214286 0.0535714 0.189286 0.0964286 0.167857 0.0678571 0.0571429 0.0464286 
0.0821429 0.139286 0.160714 0.1 0.05 0.110714 0.05 0.0678571 0.0785714 0.160714 
0.0357143 0.075 0.128571 0.189286 0.0678571 0.157143 0.117857 0.0892857 0.025 0.114286 
0.025 0.0178571 0.103571 0.153571 0.135714 0.167857 0.303571 0.0607143 0 0.0321429 
0.0464286 0.189286 0.185714 0.0607143 0.0964286 0.110714 0.0464286 0.128571 0.05 0.0857143 
0.0357143 0.0285714 0.242857 0.0821429 0.25 0.121429 0.075 0.139286 0.0107143 0.0142857 
0.05 0.0607143 0.210714 0.171429 0.117857 0.2 0.0285714 0.0892857 0.0285714 0.0428571 
0.0464286 0.075 0.1 0.225 0.0714286 0.135714 0.175 0.0678571 0.0357143 0.0678571 
0.0678571 0.0821429 0.0785714 0.117857 0.0714286 0.0821429 0.0535714 0.117857 0.1 0.228571 
0.0285714 0.05 0.125 0.139286 0.182143 0.107143 0.242857 0.0642857 0.00357143 0.0571429 
0.357143 0.0535714 0.114286 0.0392857 0.0321429 0.0321429 0.00714286 0.0142857 0.3 0.05 
0.0321429 0.0642857 0.107143 0.153571 0.0607143 0.371429 0.0214286 0.114286 0.0392857 0.0357143 
0.0214286 0.0107143 0.1 0.242857 0.117857 0.121429 0.260714 0.075 0.0214286 0.0285714 
0.167857 0.0857143 0.1 0.110714 0.0464286 0.107143 0.0392857 0.0857143 0.15 0.107143 
0.0642857 0.025 0.175 0.125 0.157143 0.121429 0.0607143 0.121429 0.0857143 0.0642857 
0.0714286 0.0642857 0.103571 0.135714 0.107143 0.1 0.121429 0.0964286 0.0857143 0.114286 
0.075 0.135714 0.0714286 0.117857 0.0714286 0.0785714 0.0678571 0.110714 0.0785714 0.192857 
0.107143 0.364286 0.025 0.0392857 0.0178571 0.0142857 0.00714286 0.0357143 0.0928571 0.296429 
0.0535714 0.0321429 0.110714 0.185714 0.128571 0.189286 0.171429 0.0857143 0.025 0.0178571 
0.121429 0.289286 0.0285714 0.0607143 0.0464286 0.0571429 0.00714286 0.0357143 0.125 0.228571 
0.135714 0.178571 0.05 0.0214286 0.0428571 0.0392857 0.0285714 0.0357143 0.3 0.167857 
0.0535714 0.175 0.117857 0.1 0.0892857 0.110714 0.0535714 0.132143 0.025 0.142857 
0.664286 0.0285714 0.0607143 0.0321429 0.0178571 0.0607143 0.0142857 0.0178571 0.0714286 0.0321429 
0.0142857 0.0142857 0.0821429 0.132143 0.139286 0.1 0.457143 0.0535714 0.00357143 0.00357143 
0.075 0.139286 0.117857 0.0678571 0.0964286 0.132143 0.0464286 0.142857 0.05 0.132143 
0.789286 0 0.0428571 0.025 0.0142857 0.0178571 0.0142857 0.00357143 0.0821429 0.0107143 
0.546429 0.0535714 0.117857 0.0607143 0.00714286 0.0285714 0.00357143 0.0357143 0.0785714 0.0678571 
0.025 0.0214286 0.103571 0.164286 0.217857 0.157143 0.135714 0.153571 0.0107143 0.0107143 
0.00714286 0.0178571 0.0642857 0.0607143 0.0964286 0.0821429 0.153571 0.435714 0.0285714 0.0535714 
0.310714 0.0285714 0.0571429 0.0214286 0.0892857 0.025 0.025 0.139286 0.228571 0.075 
0.0428571 0.05 0.0714286 0.192857 0.128571 0.110714 0.15 0.146429 0.0142857 0.0928571 
0.00357143 0.0142857 0.075 0.175 0.171429 0.103571 0.317857 0.103571 0.00714286 0.0285714 
0.025 0.0357143 0.117857 0.0928571 0.135714 0.135714 0.1 0.267857 0.0178571 0.0714286 
0.00714286 0.0142857 0.05 0.0571429 0.0607143 0.0464286 0.721429 0.0178571 0.00357143 0.0214286 
0.025 0.0357143 0.0428571 0.210714 0.0785714 0.207143 0.178571 0.0821429 0.0392857 0.1 
0.0142857 0.0178571 0.0607143 0.235714 0.125 0.146429 0.296429 0.075 0.00714286 0.0214286 
0.0678571 0.125 0.075 0.117857 0.075 0.117857 0.075 0.0964286 0.0892857 0.160714 
0.0321429 0.0464286 0.0928571 0.117857 0.121429 0.157143 0.210714 0.139286 0.0321429 0.05 
0.260714 0.0571429 0.0428571 0.00714286 0.0214286 0.00714286 0.00714286 0.00357143 0.585714 0.00714286 
0.025 0.0642857 0.128571 0.146429 0.182143 0.153571 0.15 0.0964286 0.0214286 0.0321429 
0.0142857 0.0142857 0.0785714 0.160714 0.171429 0.125 0.264286 0.132143 0.00714286 0.0321429 
0.025 0.025 0.0857143 0.142857 0.125 0.146429 0.367857 0.0571429 0.00357143 0.0214286 
0.0428571 0.0285714 0.075 0.242857 0.1 0.125 0.15 0.139286 0.0321429 0.0642857 
0.1 0.2 0.0642857 0.0785714 0.0785714 0.0428571 0.0571429 0.1 0.0964286 0.182143 
0.0214286 0.0214286 0.103571 0.175 0.0928571 0.153571 0.328571 0.0357143 0.025 0.0428571 
0.178571 0.139286 0.0607143 0.0214286 0.0285714 0.025 0.00714286 0.025 0.435714 0.0785714 
0.207143 0.0464286 0.025 0.0142857 0.025 0.0107143 0.0142857 0.0178571 0.532143 0.107143 
0.0285714 0.107143 0.175 0.107143 0.0928571 0.121429 0.0892857 0.0892857 0.0464286 0.142857 
0.182143 0.128571 0.0857143 0.125 0.0428571 0.0678571 0.0107143 0.0428571 0.171429 0.142857 
0.0642857 0.153571 0.103571 0.0642857 0.0642857 0.0857143 0.0464286 0.107143 0.0642857 0.246429 
0.139286 0.0642857 0.1 0.075 0.0464286 0.0714286 0.0714286 0.0464286 0.189286 0.196429 
0.0428571 0.242857 0.117857 0.0571429 0.142857 0.0785714 0.0607143 0.125 0.0464286 0.0857143 
0.0357143 0.0285714 0.167857 0.110714 0.2 0.135714 0.182143 0.0785714 0.0214286 0.0392857 
0.0285714 0.114286 0.0892857 0.1 0.125 0.135714 0.15 0.121429 0.0464286 0.0892857 
0.0392857 0.132143 0.0964286 0.114286 0.114286 0.132143 0.103571 0.0821429 0.0428571 0.142857 
0.0392857 0.0178571 0.0821429 0.0821429 0.167857 0.114286 0.107143 0.332143 0.0142857 0.0428571 
0.0357143 0.178571 0.0642857 0.0785714 0.0571429 0.075 0.0392857 0.075 0.05 0.346429 
0.0428571 0.107143 0.0821429 0.157143 0.0535714 0.0928571 0.128571 0.182143 0.025 0.128571 
0.107143 0.0821429 0.0464286 0.3 0.0642857 0.135714 0.05 0.0821429 0.107143 0.025 
0.00357143 0.0357143 0.114286 0.285714 0.1 0.189286 0.0892857 0.121429 0.00714286 0.0535714 
0.0464286 0.3 0.025 0.0357143 0.0321429 0.0571429 0.0142857 0.0321429 0.0607143 0.396429 
0.0571429 0.0357143 0.142857 0.0821429 0.192857 0.132143 0.235714 0.075 0.025 0.0214286 
0.0964286 0.189286 0.0571429 0.0821429 0.0821429 0.0785714 0.0857143 0.0607143 0.128571 0.139286 
0.075 0.0928571 0.05 0.0571429 0.114286 0.05 0.0428571 0.242857 0.0928571 0.182143 
0.0892857 0.139286 0.05 0.0964286 0.05 0.128571 0.0285714 0.142857 0.0571429 0.217857 
0.0178571 0.0392857 0.0357143 0.232143 0.0285714 0.485714 0.0357143 0.0714286 0.025 0.0285714 
0.117857 0.0571429 0.175 0.075 0.1 0.128571 0.05 0.0785714 0.153571 0.0642857 
0.075 0.05 0.125 0.135714 0.117857 0.164286 0.0464286 0.153571 0.0785714 0.0535714 
0.117857 0.0714286 0.232143 0.0357143 0.2 0.114286 0.0821429 0.0785714 0.0428571 0.025 
0.0821429 0.35 0.0821429 0.05 0.0285714 0.0607143 0.0214286 0.0428571 0.0892857 0.192857 
0.175 0.125 0.0964286 0.139286 0.05 0.0785714 0.0321429 0.0607143 0.121429 0.121429 
0.0392857 0.425 0.0714286 0.0357143 0.0821429 0.05 0.0464286 0.0142857 0.0928571 0.142857 
0.0535714 0.0392857 0.0785714 0.0607143 0.146429 0.0642857 0.0642857 0.278571 0.0392857 0.175 
0.0535714 0.121429 0.0714286 0.0892857 0.128571 0.0464286 0.0714286 0.271429 0.0464286 0.1 
0.05 0.0107143 0.142857 0.171429 0.125 0.15 0.128571 0.135714 0.0285714 0.0571429 
0.0714286 0.157143 0.0642857 0.128571 0.0392857 0.132143 0.025 0.075 0.103571 0.203571 
0.132143 0.0428571 0.0892857 0.0464286 0.0892857 0.025 0.0464286 0.139286 0.235714 0.153571 
0.0321429 0.0714286 0.107143 0.164286 0.0892857 0.207143 0.117857 0.0928571 0.0642857 0.0535714 
0.0785714 0.114286 0.175 0.121429 0.107143 0.153571 0.0285714 0.110714 0.0571429 0.0535714 
0.0285714 0.0357143 0.114286 0.075 0.139286 0.0464286 0.45 0.0785714 0.0214286 0.0107143 
0.0357143 0.05 0.0928571 0.139286 0.192857 0.125 0.178571 0.1 0.0285714 0.0571429 
0.0357143 0.0857143 0.135714 0.114286 0.1 0.157143 0.125 0.0892857 0.0321429 0.125 
0.160714 0.117857 0.0857143 0.0821429 0.0714286 0.0857143 0.0285714 0.0678571 0.146429 0.153571 
0.0428571 0.167857 0.0571429 0.1 0.075 0.0392857 0.0107143 0.075 0.0928571 0.339286 
0.0428571 0.135714 0.132143 0.139286 0.0785714 0.164286 0.0357143 0.114286 0.05 0.107143 
0.0464286 0.364286 0.0464286 0.0428571 0.0607143 0.0821429 0.0178571 0.0571429 0.0714286 0.210714 
0.278571 0.025 0.0642857 0.0142857 0.0357143 0.0142857 0.00357143 0 0.546429 0.0178571 
0.185714 0.171429 0.0357143 0.0142857 0.0214286 0.0214286 0.00357143 0.103571 0.0964286 0.346429 
0.121429 0.0357143 0.114286 0.121429 0.114286 0.103571 0.0892857 0.0392857 0.160714 0.1 
0.125 0.0821429 0.164286 0.0464286 0.196429 0.0892857 0.110714 0.0892857 0.0714286 0.025 
0.535714 0.0285714 0.117857 0.0285714 0.05 0.0392857 0.00357143 0.0107143 0.175 0.0107143 
0.946429 0 0.0142857 0 0.00714286 0 0 0.00357143 0.0285714 0 
0.025 0.0142857 0.0785714 0.075 0.146429 0.0714286 0.471429 0.0964286 0.0107143 0.0107143 
0.0178571 0.05 0.103571 0.171429 0.167857 0.175 0.128571 0.0928571 0.025 0.0678571 
0.0357143 0.0642857 0.103571 0.0964286 0.128571 0.121429 0.2 0.125 0.0821429 0.0428571 
0.110714 0.0714286 0.0821429 0.05 0.203571 0.0857143 0.121429 0.075 0.157143 0.0428571 
0.0285714 0.0285714 0.132143 0.0571429 0.153571 0.0785714 0.385714 0.0678571 0.0178571 0.05 
0.0214286 0.0821429 0.110714 0.110714 0.142857 0.132143 0.1 0.160714 0.0535714 0.0857143 
0.160714 0.0785714 0.1 0.0357143 0.114286 0.025 0.0107143 0.246429 0.0821429 0.146429 
0.446429 0.0607143 0.025 0.0142857 0.0428571 0.00714286 0.00714286 0.0142857 0.257143 0.125 
0.0428571 0.0964286 0.103571 0.132143 0.0714286 0.203571 0.0928571 0.0714286 0.0678571 0.117857 
0.0821429 0.125 0.075 0.0928571 0.0821429 0.0785714 0.0392857 0.0892857 0.0928571 0.242857 
0.0142857 0.0714286 0.121429 0.153571 0.185714 0.182143 0.142857 0.0857143 0.00714286 0.0357143 
0.0428571 0.0357143 0.153571 0.0428571 0.342857 0.0571429 0.203571 0.0857143 0.0142857 0.0214286 
0.0678571 0.121429 0.117857 0.128571 0.0428571 0.253571 0.0214286 0.0785714 0.05 0.117857 
0.075 0.0928571 0.0964286 0.132143 0.0964286 0.157143 0.0428571 0.1 0.135714 0.0714286 
0.00714286 0.0142857 0.121429 0.142857 0.182143 0.171429 0.228571 0.0928571 0.00714286 0.0321429 
0.0142857 0.0142857 0.135714 0.210714 0.128571 0.132143 0.182143 0.125 0.00357143 0.0535714 
0.128571 0.117857 0.135714 0.075 0.0464286 0.0821429 0.0464286 0.1 0.142857 0.125 
0.0285714 0.025 0.0892857 0.103571 0.146429 0.267857 0.146429 0.157143 0.0178571 0.0178571 
0.614286 0.025 0.0785714 0.0142857 0.0392857 0.0285714 0.0178571 0.00714286 0.15 0.025 
0.05 0.0357143 0.110714 0.153571 0.117857 0.139286 0.1 0.185714 0.025 0.0821429 
0.142857 0.128571 0.139286 0.0821429 0.103571 0.0321429 0.0428571 0.0357143 0.171429 0.121429 
0.0428571 0.0785714 0.0714286 0.0964286 0.117857 0.175 0.15 0.1 0.0785714 0.0892857 
0.0392857 0.0428571 0.0642857 0.1 0.107143 0.0678571 0.207143 0.196429 0.0535714 0.121429 
0.0285714 0.0357143 0.132143 0.0892857 0.257143 0.114286 0.110714 0.2 0.0107143 0.0214286 
0.0535714 0.146429 0.114286 0.0964286 0.114286 0.128571 0.05 0.128571 0.0678571 0.1 
0.075 0.0392857 0.132143 0.128571 0.182143 0.121429 0.128571 0.1 0.0535714 0.0392857 
0.142857 0.0714286 0.1 0.0928571 0.0642857 0.1 0.0785714 0.1 0.121429 0.128571 
0.075 0.110714 0.05 0.139286 0.0607143 0.135714 0.0607143 0.0821429 0.135714 0.15 
0.742857 0.025 0.05 0.0142857 0.0142857 0.00357143 0.00357143 0.00357143 0.135714 0.00714286 
0.0928571 0.1 0.225 0.0928571 0.103571 0.107143 0.0857143 0.0964286 0.0428571 0.0535714 
0.167857 0.128571 0.0464286 0.00714286 0.0321429 0.0178571 0.0178571 0.0464286 0.307143 0.228571 
0.0428571 0.285714 0.114286 0.0821429 0.0607143 0.05 0.0321429 0.0428571 0.0857143 0.203571 
0.128571 0.0821429 0.125 0.0392857 0.114286 0.0571429 0.0678571 0.139286 0.107143 0.139286 
0.0357143 0.0321429 0.171429 0.075 0.203571 0.128571 0.167857 0.0964286 0.0357143 0.0535714 
0.0428571 0.0321429 0.142857 0.117857 0.175 0.210714 0.121429 0.103571 0.025 0.0285714 
0.0964286 0.0214286 0.196429 0.0928571 0.171429 0.0964286 0.121429 0.0821429 0.0357143 0.0857143 
0.0964286 0.182143 0.075 0.0535714 0.0892857 0.117857 0.135714 0.0821429 0.05 0.117857 
0.553571 0.0678571 0.0535714 0.0714286 0.0357143 0.0285714 0.0107143 0.0285714 0.0964286 0.0535714 
0.110714 0.0607143 0.153571 0.125 0.15 0.121429 0.075 0.0928571 0.0785714 0.0321429 
0.0392857 0.0571429 0.164286 0.110714 0.132143 0.185714 0.0714286 0.146429 0.0392857 0.0535714 
0.303571 0.0607143 0.128571 0.0392857 0.0321429 0.0392857 0 0.0607143 0.267857 0.0678571 
0.114286 0.0642857 0.157143 0.114286 0.103571 0.139286 0.0321429 0.110714 0.075 0.0892857 
0.075 0.114286 0.1 0.160714 0.1 0.132143 0.0392857 0.0571429 0.121429 0.1 
0.0464286 0.075 0.0642857 0.185714 0.0392857 0.342857 0.0428571 0.0714286 0.0571429 0.075 
0.05 0.160714 0.0642857 0.164286 0.075 0.142857 0.0892857 0.107143 0.0464286 0.1 
0.0535714 0.117857 0.0964286 0.1 0.0571429 0.0678571 0.117857 0.110714 0.0785714 0.2 
0.0321429 0.0285714 0.125 0.0321429 0.15 0.0392857 0.521429 0.0535714 0.00357143 0.0142857 
0.0428571 0.0392857 0.0714286 0.25 0.0964286 0.125 0.114286 0.132143 0.0642857 0.0642857 
0.546429 0.0571429 0.110714 0.0714286 0.0428571 0.0214286 0.00714286 0.0321429 0.0785714 0.0321429 
0.0214286 0.0214286 0.167857 0.0821429 0.25 0.146429 0.0857143 0.182143 0.0214286 0.0214286 
0.0357143 0.0428571 0.117857 0.128571 0.132143 0.182143 0.0785714 0.117857 0.0821429 0.0821429 
0.257143 0.075 0.0571429 0.114286 0.0357143 0.0642857 0.0214286 0.0607143 0.178571 0.135714 
0.025 0.446429 0.0714286 0.0785714 0.025 0.0642857 0.0285714 0.0464286 0.0642857 0.15 
0.0428571 0.0642857 0.117857 0.135714 0.146429 0.103571 0.0857143 0.171429 0.0392857 0.0928571 
0.05 0.0857143 0.107143 0.0964286 0.192857 0.167857 0.0357143 0.157143 0.0392857 0.0678571 
0.0214286 0.0107143 0.0928571 0.167857 0.189286 0.178571 0.210714 0.0821429 0.025 0.0214286 
0.0714286 0.0642857 0.1 0.0892857 0.160714 0.178571 0.0964286 0.110714 0.0714286 0.0571429 
0.0178571 0.025 0.075 0.1 0.175 0.15 0.271429 0.142857 0.0107143 0.0321429 
0.225 0.110714 0.0535714 0.025 0.025 0.0214286 0.0178571 0.0178571 0.342857 0.160714 
0.235714 0.121429 0.05 0 0.0357143 0.00714286 0 0.0357143 0.385714 0.128571 
0.0107143 0.0214286 0.0928571 0.157143 0.182143 0.210714 0.142857 0.139286 0.00357143 0.0392857 
0.0785714 0.0357143 0.125 0.0785714 0.196429 0.121429 0.1 0.139286 0.0857143 0.0392857 
0.0392857 0.0178571 0.0964286 0.139286 0.125 0.0964286 0.275 0.117857 0.0392857 0.0535714 
0.0642857 0.0535714 0.0714286 0.0642857 0.0892857 0.0464286 0.05 0.410714 0.0285714 0.121429 
0.225 0.0607143 0.0607143 0.0571429 0.0464286 0.0178571 0.025 0.075 0.182143 0.25 
0.0285714 0.0178571 0.185714 0.153571 0.2 0.15 0.153571 0.0821429 0.0142857 0.0142857 
0.0642857 0.178571 0.0964286 0.103571 0.05 0.1 0.0357143 0.0857143 0.0964286 0.189286 
0.0678571 0.0285714 0.132143 0.0785714 0.192857 0.0857143 0.178571 0.0642857 0.0785714 0.0928571 
0.0464286 0.0392857 0.0892857 0.0857143 0.192857 0.0785714 0.157143 0.125 0.0821429 0.103571 
0.103571 0.0892857 0.0678571 0.0678571 0.153571 0.0928571 0.0571429 0.164286 0.1 0.103571 
0.128571 0.0928571 0.0321429 0.0607143 0.189286 0.0428571 0.0428571 0.0928571 0.239286 0.0785714 
0.0821429 0.0321429 0.139286 0.182143 0.05 0.164286 0.0857143 0.110714 0.0714286 0.0821429 
0.0142857 0.0357143 0.171429 0.107143 0.182143 0.110714 0.160714 0.132143 0.0357143 0.05 
0.121429 0.153571 0.0571429 0.0321429 0.075 0.0571429 0.0107143 0.0892857 0.239286 0.164286 
0.0214286 0.0321429 0.0714286 0.157143 0.0964286 0.0928571 0.367857 0.0928571 0.0142857 0.0535714 
0.0178571 0.0285714 0.0642857 0.217857 0.139286 0.15 0.146429 0.142857 0.0321429 0.0607143 
0.0535714 0.0785714 0.110714 0.0821429 0.139286 0.121429 0.239286 0.0785714 0.0285714 0.0678571 
0.492857 0.0321429 0.0392857 0.00357143 0.025 0.0142857 0 0.0142857 0.360714 0.0178571 
0.107143 0.0892857 0.0785714 0.15 0.146429 0.0821429 0.0607143 0.0464286 0.125 0.114286 
0.317857 0.117857 0.0964286 0.0607143 0.0392857 0.0642857 0.0214286 0.05 0.128571 0.103571 
0.0607143 0.228571 0.0571429 0.0607143 0.0464286 0.0464286 0.0607143 0.0428571 0.153571 0.242857 
0.0428571 0.0607143 0.171429 0.0964286 0.217857 0.114286 0.0535714 0.185714 0.0178571 0.0392857 
0.05 0.0214286 0.257143 0.0928571 0.2 0.0535714 0.192857 0.0571429 0.025 0.05 
0.228571 0.132143 0.0714286 0.0428571 0.0642857 0.0214286 0.0357143 0.0357143 0.317857 0.05 
0.0285714 0.0535714 0.0714286 0.2 0.175 0.178571 0.175 0.114286 0 0.00357143 
0.05 0.025 0.103571 0.167857 0.232143 0.075 0.146429 0.160714 0.0107143 0.0285714 
0.142857 0.310714 0.025 0.0107143 0.0142857 0.0178571 0.00714286 0.025 0.378571 0.0678571 
0.0321429 0.0714286 0.0535714 0.0714286 0.135714 0.114286 0.0892857 0.364286 0.0285714 0.0392857 
0.0785714 0.075 0.153571 0.1 0.0821429 0.135714 0.139286 0.0392857 0.117857 0.0785714 
0.121429 0.075 0.196429 0.0607143 0.0571429 0.0571429 0.0607143 0.0571429 0.160714 0.153571 
0.0535714 0.0464286 0.203571 0.103571 0.15 0.210714 0.0464286 0.110714 0.0357143 0.0392857 
0.0107143 0.0142857 0.15 0.210714 0.189286 0.15 0.135714 0.107143 0.00357143 0.0285714 
0.121429 0.0785714 0.160714 0.0785714 0.05 0.139286 0.075 0.132143 0.0464286 0.117857 
0.0678571 0.189286 0.121429 0.0571429 0.103571 0.0535714 0.182143 0.0714286 0.0428571 0.110714 
0.0642857 0.328571 0.0607143 0.075 0.0428571 0.05 0.0321429 0.0785714 0.0392857 0.228571 
0.0285714 0.0714286 0.0857143 0.153571 0.0857143 0.153571 0.114286 0.164286 0.05 0.0928571 
0.0321429 0.0892857 0.114286 0.0821429 0.146429 0.225 0.0678571 0.167857 0.0428571 0.0321429 
0.0428571 0.0428571 0.0571429 0.239286 0.114286 0.157143 0.228571 0.0428571 0.025 0.05 
0.110714 0.217857 0.128571 0.0642857 0.0964286 0.103571 0.0464286 0.0535714 0.0892857 0.0892857 
0.0821429 0.253571 0.0714286 0.0607143 0.075 0.0678571 0.0321429 0.075 0.0714286 0.210714 
0.0607143 0.0892857 0.0821429 0.214286 0.0607143 0.139286 0.0821429 0.0928571 0.0714286 0.107143 
0.0892857 0.246429 0.0285714 0.0428571 0.0571429 0.0357143 0.025 0.0607143 0.178571 0.235714 
0.0285714 0.110714 0.0857143 0.182143 0.0678571 0.0928571 0.0428571 0.160714 0.05 0.178571 
0.0714286 0.0535714 0.0892857 0.0821429 0.0678571 0.0642857 0.0714286 0.332143 0.0464286 0.121429 
0.217857 0.110714 0.0892857 0.103571 0.0535714 0.0607143 0.0285714 0.075 0.114286 0.146429 
0.0857143 0.0535714 0.171429 0.117857 0.135714 0.121429 0.0821429 0.0857143 0.1 0.0464286 
0.0678571 0.171429 0.0964286 0.0535714 0.121429 0.0571429 0.0607143 0.157143 0.0678571 0.146429 
0.0107143 0.0428571 0.117857 0.15 0.160714 0.114286 0.232143 0.110714 0.0107143 0.05 
0.25 0.0785714 0.128571 0.0785714 0.0357143 0.025 0.025 0.114286 0.117857 0.146429 
0.0428571 0.0642857 0.075 0.0857143 0.142857 0.0964286 0.246429 0.0964286 0.05 0.1 
0.025 0.0178571 0.128571 0.0392857 0.475 0.0714286 0.121429 0.0964286 0.00714286 0.0178571 
0.0214286 0.0214286 0.167857 0.114286 0.160714 0.203571 0.0535714 0.207143 0.025 0.025 
0.139286 0.0857143 0.0785714 0.0928571 0.128571 0.0535714 0.0321429 0.103571 0.132143 0.153571 
0.278571 0.0214286 0.0321429 0.00714286 0.0392857 0.0142857 0.0178571 0.0178571 0.546429 0.025 
0.0178571 0.0392857 0.0642857 0.189286 0.121429 0.175 0.178571 0.125 0.0285714 0.0607143 
0.157143 0.0357143 0.0464286 0.235714 0.025 0.167857 0.0214286 0.0928571 0.0892857 0.128571 
0.0428571 0.164286 0.0285714 0.0714286 0.0714286 0.075 0.0535714 0.121429 0.0464286 0.325 
0.05 0.3 0.114286 0.0607143 0.0642857 0.0857143 0.0428571 0.0571429 0.0607143 0.164286 
0.075 0.157143 0.075 0.110714 0.0607143 0.0928571 0.0785714 0.0785714 0.121429 0.15 
0.0571429 0.0607143 0.121429 0.0928571 0.182143 0.107143 0.0857143 0.225 0.0321429 0.0357143 
0.0392857 0.0821429 0.107143 0.210714 0.0892857 0.185714 0.0821429 0.107143 0.0321429 0.0642857 
0.0892857 0.296429 0.0571429 0.0607143 0.0178571 0.0285714 0.0142857 0.0571429 0.167857 0.210714 
0.0107143 0.0142857 0.0357143 0.1 0.125 0.110714 0.317857 0.239286 0.0142857 0.0321429 
0.0821429 0.0892857 0.103571 0.160714 0.0571429 0.267857 0.0321429 0.0928571 0.0535714 0.0607143 
0.0285714 0.025 0.0785714 0.135714 0.164286 0.103571 0.317857 0.075 0.0392857 0.0321429 
0.0714286 0.189286 0.0821429 0.0607143 0.0607143 0.0714286 0.0357143 0.0892857 0.0607143 0.278571 
0.0964286 0.235714 0.0785714 0.0892857 0.0571429 0.0678571 0.0357143 0.0607143 0.139286 0.139286 
0.0964286 0.217857 0.0964286 0.0857143 0.0821429 0.0928571 0.0678571 0.075 0.0714286 0.114286 
0.0678571 0.0785714 0.0714286 0.121429 0.0964286 0.171429 0.0892857 0.0642857 0.110714 0.128571 
0.132143 0.0678571 0.0857143 0.0821429 0.121429 0.0357143 0.0321429 0.128571 0.178571 0.135714 
0.135714 0.167857 0.0571429 0.075 0.0642857 0.103571 0.0214286 0.0714286 0.1 0.203571 
0.0857143 0.35 0.0428571 0.0642857 0.0214286 0.0357143 0.0107143 0.0642857 0.107143 0.217857 
0.114286 0.214286 0.0857143 0.0642857 0.0571429 0.0535714 0.0321429 0.0428571 0.178571 0.157143 
0.185714 0.0428571 0.221429 0.05 0.0857143 0.0535714 0.0357143 0.0285714 0.242857 0.0535714 
0.0321429 0.025 0.114286 0.15 0.135714 0.192857 0.175 0.103571 0.0178571 0.0535714 
0.0107143 0.0178571 0.0785714 0.196429 0.178571 0.157143 0.114286 0.221429 0.00714286 0.0178571 
0.0857143 0.025 0.182143 0.107143 0.0964286 0.0964286 0.15 0.107143 0.0535714 0.0964286 
0.0357143 0.0214286 0.146429 0.210714 0.114286 0.125 0.110714 0.182143 0.0142857 0.0392857 
0.0678571 0.25 0.0428571 0.0892857 0.0571429 0.0785714 0.0678571 0.0714286 0.0714286 0.203571 
0.075 0.135714 0.125 0.0892857 0.146429 0.0964286 0.0392857 0.0571429 0.107143 0.128571 
0.0392857 0.0357143 0.1 0.360714 0.125 0.125 0.0892857 0.0607143 0.0285714 0.0357143 
0.0785714 0.114286 0.05 0.0857143 0.0535714 0.0785714 0.0428571 0.203571 0.0857143 0.207143 
0.135714 0.117857 0.117857 0.121429 0.0642857 0.153571 0.0464286 0.075 0.0821429 0.0857143 
0.0142857 0.0642857 0.0821429 0.203571 0.0928571 0.107143 0.2 0.167857 0.0142857 0.0535714 
0.0285714 0.0464286 0.128571 0.0535714 0.207143 0.171429 0.0571429 0.228571 0.0357143 0.0428571 
0.871429 0.00357143 0.0535714 0.0142857 0.00714286 0.00714286 0.00714286 0 0.0357143 0 
0.0678571 0.0785714 0.214286 0.0928571 0.153571 0.114286 0.107143 0.0464286 0.0571429 0.0678571 
