0.325521 0.0520833 0.223958 0.0260417 0.0130208 0.210938 0 0.0130208 0.0208333 0.114583 
0.171875 0.0104167 0.0390625 0.111979 0.260417 0.177083 0.0755208 0.0104167 0.00520833 0.138021 
0.0520833 0.00520833 0.65625 0.111979 0 0.106771 0.0208333 0 0.00520833 0.0416667 
0.015625 0.00260417 0.00260417 0 0.0104167 0.0182292 0.0234375 0.911458 0 0.015625 
0.192708 0.0130208 0.0208333 0.0442708 0.200521 0.197917 0.122396 0.0364583 0 0.171875 
0.223958 0.00260417 0.0260417 0.00260417 0.0078125 0.0885417 0.0286458 0.557292 0.0078125 0.0546875 
0.351562 0.0078125 0.1875 0.0755208 0.0703125 0.223958 0.00520833 0.0130208 0.00520833 0.0598958 
0.0078125 0 0.00520833 0.0260417 0.0130208 0.0182292 0.015625 0.0130208 0 0.901042 
0.315104 0 0.0598958 0.0234375 0.0286458 0.151042 0.0416667 0.244792 0.00260417 0.132812 
0.0260417 0.0755208 0.0338542 0.0208333 0.0442708 0.53125 0.239583 0.0104167 0 0.0182292 
0.101562 0.00260417 0.5 0.0807292 0.03125 0.234375 0 0.00260417 0.03125 0.015625 
0.213542 0.0234375 0.0833333 0.117188 0.117188 0.15625 0.03125 0.153646 0.00520833 0.0989583 
0.130208 0.0104167 0.0078125 0.0859375 0.419271 0.122396 0.119792 0.0078125 0 0.0963542 
0.127604 0.0078125 0.34375 0.111979 0.104167 0.268229 0.00520833 0 0.0078125 0.0234375 
0.239583 0.00520833 0.0494792 0.0520833 0.0859375 0.164062 0.0390625 0.166667 0 0.197917 
0 0 0.0104167 0 0 0.00520833 0 0.971354 0 0.0130208 
0.166667 0.0286458 0.130208 0.0208333 0.0208333 0.570312 0.00260417 0.0078125 0.03125 0.0208333 
0.0911458 0.0416667 0.729167 0.015625 0.0078125 0.0677083 0 0.00260417 0.0338542 0.0104167 
0 0 0 0 0 0 0 1 0 0 
0.0963542 0.0208333 0.226562 0.0130208 0.127604 0.463542 0.0078125 0.00520833 0.0182292 0.0208333 
0.015625 0 0.015625 0 0 0.0494792 0.00520833 0.875 0 0.0390625 
0.0885417 0 0.0494792 0.046875 0.0130208 0.125 0.0286458 0.213542 0 0.434896 
0.174479 0.0078125 0.130208 0.151042 0.164062 0.138021 0.0442708 0.00520833 0 0.184896 
0.09375 0.0182292 0.135417 0.0442708 0.0833333 0.598958 0.015625 0 0.0078125 0.00260417 
0.341146 0.00260417 0.0130208 0.0234375 0.0442708 0.130208 0.00520833 0.00520833 0.0182292 0.416667 
0.289062 0.0078125 0.0234375 0.111979 0.0703125 0.111979 0.0390625 0.111979 0 0.234375 
0.119792 0 0.00260417 0.0130208 0.0130208 0.0260417 0.15625 0.544271 0 0.125 
0.0572917 0.0677083 0.598958 0.0390625 0.135417 0.0729167 0 0 0.0286458 0 
0.0703125 0.0546875 0.190104 0.0364583 0.0338542 0.559896 0.00260417 0 0.0442708 0.0078125 
0.388021 0.0442708 0.0729167 0.0078125 0 0.132812 0.0078125 0.151042 0.151042 0.0442708 
0.0234375 0 0.00260417 0 0.00520833 0.0338542 0.078125 0.796875 0 0.0598958 
0.179688 0.0625 0.289062 0.0885417 0.0651042 0.263021 0.00260417 0 0.0208333 0.0286458 
0.109375 0.0338542 0.53125 0.114583 0.0598958 0.078125 0.00260417 0.0104167 0.0520833 0.0078125 
0.166667 0 0.00260417 0 0 0.0182292 0.0442708 0.713542 0 0.0546875 
0.260417 0.046875 0.361979 0.0182292 0.0078125 0.203125 0 0 0.0885417 0.0130208 
0.0546875 0.00520833 0.223958 0.276042 0.0442708 0.210938 0.0338542 0.0078125 0.00520833 0.138021 
0.585938 0.0078125 0.0182292 0.0104167 0.015625 0.0651042 0.0234375 0.171875 0 0.101562 
0.0442708 0.00260417 0.0625 0.0104167 0.0208333 0.817708 0.0182292 0.00260417 0.0104167 0.0104167 
0.125 0.015625 0.140625 0.0755208 0.153646 0.455729 0.0104167 0 0.0078125 0.015625 
0.221354 0.00520833 0.0729167 0.179688 0.0494792 0.0755208 0.0182292 0.0182292 0 0.359375 
0.0989583 0.0260417 0.0208333 0.0130208 0.0755208 0.648438 0.0260417 0.0546875 0.00520833 0.03125 
0.174479 0 0.00260417 0.0078125 0.0442708 0.0130208 0.0182292 0.65625 0 0.0833333 
0.0963542 0.205729 0.53125 0.0130208 0.015625 0.0677083 0 0 0.0677083 0.00260417 
0.119792 0.00260417 0.164062 0.0885417 0.0520833 0.184896 0.0416667 0.0572917 0.00260417 0.286458 
0.190104 0 0.0130208 0.244792 0.0416667 0.0390625 0.03125 0.164062 0 0.276042 
0.145833 0 0.0260417 0.015625 0 0.0442708 0.0078125 0.640625 0 0.119792 
0.0807292 0 0.604167 0.0546875 0.0260417 0.210938 0.00260417 0.00520833 0.00260417 0.0130208 
0.00520833 0.00260417 0 0.00260417 0.015625 0.015625 0.0677083 0.846354 0 0.0442708 
0.322917 0.00520833 0.0494792 0.0078125 0.00260417 0.0677083 0.0078125 0.505208 0.0130208 0.0182292 
0.351562 0.00260417 0.0130208 0.0130208 0.0104167 0.0729167 0.0078125 0.4375 0 0.0911458 
0.153646 0.0364583 0.705729 0.0416667 0.00520833 0.03125 0 0.00260417 0.0234375 0 
0.231771 0.0208333 0.0703125 0.00520833 0.09375 0.450521 0.0104167 0.0390625 0.0078125 0.0703125 
0.171875 0 0.0130208 0.00260417 0.0078125 0.0911458 0.0182292 0.671875 0 0.0234375 
0.03125 0.0520833 0.0807292 0.0703125 0.471354 0.213542 0.0755208 0 0.00520833 0 
0.0859375 0.0572917 0.739583 0.0104167 0.0390625 0.0104167 0 0 0.0572917 0 
0.03125 0 0 0 0.00260417 0.00520833 0.0130208 0.927083 0 0.0208333 
0.270833 0.0286458 0.255208 0.0885417 0.03125 0.210938 0.0104167 0.0182292 0.00520833 0.0807292 
0.263021 0.213542 0.252604 0.122396 0.0208333 0.078125 0.00520833 0.0078125 0.0182292 0.0182292 
0.0598958 0.0729167 0.713542 0.015625 0.0182292 0.0729167 0 0 0.046875 0 
0.380208 0.00520833 0.130208 0.0390625 0.0130208 0.0859375 0.0104167 0.1875 0.0078125 0.140625 
0.046875 0.0234375 0.130208 0.0494792 0.0833333 0.585938 0.0442708 0.00260417 0.0234375 0.0104167 
0.190104 0.0208333 0.182292 0.111979 0.078125 0.140625 0.0078125 0.00260417 0.252604 0.0130208 
0.0598958 0.0729167 0.695312 0.0234375 0.015625 0.111979 0 0 0.0130208 0.0078125 
0.0364583 0.0338542 0.0338542 0.0338542 0.455729 0.164062 0.122396 0.0286458 0.00260417 0.0885417 
0.132812 0.0182292 0.546875 0.0572917 0.0182292 0.125 0.0130208 0.0130208 0.0182292 0.0572917 
0.427083 0.00520833 0.1875 0.0625 0.0104167 0.166667 0.00260417 0.0078125 0.00520833 0.125 
0.03125 0.00260417 0.484375 0.330729 0.00260417 0.114583 0 0 0.0104167 0.0234375 
0.00260417 0 0 0 0 0 0.00520833 0.986979 0.00260417 0.00260417 
0.145833 0.0104167 0.585938 0.0494792 0.0104167 0.135417 0.0078125 0.0078125 0.0104167 0.0364583 
0.171875 0.09375 0.359375 0.195312 0.0078125 0.114583 0.00260417 0.015625 0.0078125 0.03125 
0.190104 0.00520833 0.3125 0.0364583 0.0104167 0.229167 0.0260417 0.0859375 0.015625 0.0885417 
0.0234375 0.335938 0.104167 0.109375 0.117188 0.263021 0.0286458 0.00260417 0.0078125 0.0078125 
0.0625 0.0078125 0.03125 0.0182292 0.486979 0.236979 0.0260417 0 0.0260417 0.104167 
0.0703125 0.0260417 0.317708 0.117188 0.104167 0.307292 0.0130208 0 0.0286458 0.015625 
0.0130208 0 0.015625 0.0442708 0.0234375 0.0442708 0.03125 0.0911458 0 0.736979 
0.179688 0.00520833 0.130208 0.0833333 0.0260417 0.109375 0.00520833 0.00260417 0 0.458333 
0.385417 0.00260417 0.078125 0.0494792 0.0520833 0.315104 0.0078125 0.0104167 0.00520833 0.09375 
0.299479 0.0182292 0.205729 0.0078125 0.0286458 0.171875 0.00520833 0.00260417 0.260417 0 
0.0963542 0.0234375 0.0260417 0.0546875 0.328125 0.335938 0.0286458 0.0078125 0 0.0989583 
0.104167 0 0.0546875 0.00260417 0.0130208 0.0625 0.03125 0.583333 0 0.148438 
0.0260417 0 0.00260417 0.0104167 0.00520833 0.00520833 0.0286458 0.885417 0 0.0364583 
0.0338542 0.0260417 0.0546875 0.0703125 0.492188 0.0520833 0.0104167 0 0.260417 0 
0.0078125 0 0 0 0 0.00520833 0.00260417 0.971354 0 0.0130208 
0.148438 0.0208333 0.307292 0.0442708 0.0963542 0.356771 0.00260417 0 0.0078125 0.015625 
0.0729167 0 0.0807292 0.143229 0.0182292 0.0572917 0.0208333 0.0625 0 0.544271 
0.135417 0.00520833 0.09375 0.0859375 0.0911458 0.190104 0.0338542 0.106771 0 0.257812 
0.242188 0.0546875 0.317708 0.015625 0.0338542 0.265625 0 0.00260417 0.0572917 0.0104167 
0.0208333 0.0208333 0.0234375 0.0520833 0.682292 0.135417 0.0104167 0 0 0.0546875 
0.0833333 0.0078125 0.177083 0.0442708 0.0807292 0.476562 0.0625 0.0130208 0.0104167 0.0442708 
0.0260417 0 0 0.00260417 0 0 0.0182292 0.934896 0 0.0182292 
0.216146 0.0833333 0.346354 0.0546875 0.00260417 0.0572917 0 0 0.226562 0.0130208 
0.0833333 0.0234375 0.625 0.0520833 0.106771 0.09375 0.00260417 0 0.0104167 0.00260417 
0.0182292 0 0 0.0078125 0 0 0.00260417 0.00260417 0 0.96875 
0.0625 0.0390625 0.0807292 0.0598958 0.0208333 0.158854 0.0755208 0.0234375 0.427083 0.0520833 
0.265625 0.0338542 0.101562 0.101562 0.0364583 0.247396 0.015625 0.0286458 0.0078125 0.161458 
0.0494792 0.0104167 0.0859375 0.03125 0.046875 0.213542 0.174479 0.25 0.0078125 0.130208 
0.398438 0.0182292 0.223958 0.0208333 0.0286458 0.236979 0.0130208 0.0286458 0.00520833 0.0260417 
0.0703125 0.015625 0.0598958 0.0442708 0.296875 0.403646 0.0572917 0.00520833 0.00260417 0.0442708 
0.0651042 0.0078125 0.395833 0.138021 0.0182292 0.276042 0.0078125 0.0130208 0.03125 0.046875 
0.00260417 0 0 0 0 0.00260417 0 0.958333 0 0.0364583 
0.164062 0.0182292 0.427083 0.0963542 0.0286458 0.216146 0 0.00520833 0.0130208 0.03125 
0.0364583 0.0703125 0.226562 0.0130208 0.0989583 0.377604 0.119792 0.0078125 0.03125 0.0182292 
0.164062 0.0182292 0.40625 0.0677083 0.0286458 0.213542 0.00520833 0.03125 0.0104167 0.0546875 
0.122396 0.0729167 0.5 0.0520833 0.03125 0.127604 0 0 0.09375 0 
0.015625 0 0.0625 0.848958 0.015625 0.0338542 0 0.00260417 0 0.0208333 
0.0234375 0 0 0.00520833 0.0208333 0.0078125 0 0.00260417 0.0104167 0.929688 
0.078125 0.270833 0.455729 0.0572917 0.0338542 0.0859375 0 0 0.015625 0.00260417 
0.0833333 0.0911458 0.671875 0.0416667 0.03125 0.0729167 0 0.00260417 0.00260417 0.00260417 
0.505208 0 0.0130208 0.00260417 0.00520833 0.0286458 0 0.424479 0.00520833 0.015625 
0.0703125 0.0104167 0.34375 0.221354 0.0833333 0.205729 0 0 0.0572917 0.0078125 
0.0963542 0.153646 0.505208 0.0546875 0.0234375 0.0442708 0 0 0.117188 0.00520833 
0.0703125 0.0260417 0.221354 0.333333 0.171875 0.132812 0 0 0.0442708 0 
0.0182292 0 0.00260417 0.00260417 0.00260417 0.0234375 0.03125 0.848958 0 0.0703125 
0.125 0.00520833 0.0598958 0.164062 0.09375 0.226562 0.0130208 0.0182292 0.00260417 0.291667 
0.4375 0.00260417 0.0104167 0.00260417 0.00520833 0.0546875 0.0104167 0.416667 0.00520833 0.0546875 
0.00260417 0 0.046875 0 0 0.0104167 0 0.885417 0.00520833 0.0494792 
0.0598958 0 0.0078125 0.00260417 0.0130208 0.0364583 0.00260417 0.841146 0 0.0364583 
0.169271 0.145833 0.526042 0.0208333 0.0338542 0.0807292 0 0 0.0130208 0.0104167 
0.0755208 0.0416667 0.0338542 0.0104167 0.0364583 0.226562 0.0364583 0.429688 0.00260417 0.106771 
0.0989583 0.015625 0.0442708 0.078125 0.385417 0.195312 0.0625 0.015625 0.00260417 0.101562 
0.382812 0.015625 0.0260417 0.0364583 0.0625 0.0625 0.0234375 0.1875 0 0.203125 
0 0 0 0 0 0.0078125 0 0.984375 0.0078125 0 
0.046875 0 0.03125 0.0885417 0.0572917 0.0807292 0.0729167 0.122396 0 0.5 
0.0364583 0.00260417 0.0963542 0.369792 0.0807292 0.143229 0.0364583 0.0260417 0 0.208333 
0.0078125 0 0.00520833 0 0 0.046875 0.0078125 0.908854 0 0.0234375 
0.101562 0.00260417 0.481771 0.101562 0.0286458 0.244792 0.00260417 0 0.0338542 0.00260417 
0.0442708 0 0.846354 0.0182292 0 0.0208333 0.0078125 0 0.00260417 0.0598958 
0.143229 0.0520833 0.255208 0.0078125 0.0208333 0.208333 0.00260417 0 0.304688 0.00520833 
0.484375 0.00260417 0.0338542 0.0364583 0.03125 0.0546875 0.0130208 0.190104 0.00260417 0.151042 
0.205729 0.00520833 0.0703125 0.0286458 0.0651042 0.161458 0.0234375 0.255208 0 0.184896 
0.184896 0.0729167 0.190104 0.101562 0.114583 0.09375 0 0.0104167 0.00260417 0.229167 
0.109375 0 0.0078125 0 0.00260417 0.0104167 0.00260417 0.838542 0.00260417 0.0260417 
0.0286458 0 0.03125 0.00520833 0.00260417 0.078125 0 0.463542 0.00260417 0.388021 
0.205729 0.307292 0.299479 0.0260417 0.0182292 0.119792 0 0 0.0078125 0.015625 
0.257812 0.0078125 0.197917 0.078125 0.0130208 0.236979 0.0078125 0.0703125 0.0286458 0.101562 
0.0338542 0 0.476562 0.0182292 0.0234375 0.380208 0 0.0104167 0.0520833 0.00520833 
0.101562 0.0546875 0.622396 0.0755208 0.046875 0.0703125 0 0.00260417 0.0104167 0.015625 
0.101562 0 0.28125 0.0703125 0.0208333 0.208333 0.0260417 0.153646 0.015625 0.122396 
0.0208333 0 0 0.00520833 0 0.015625 0.00260417 0.942708 0 0.0130208 
0.533854 0.0130208 0.101562 0.00520833 0.0234375 0.166667 0.0130208 0.0520833 0.0598958 0.03125 
0.0182292 0 0.00260417 0.0572917 0.0729167 0.0416667 0.0260417 0.0807292 0 0.700521 
0.0078125 0 0 0 0 0.00520833 0.0208333 0.927083 0 0.0390625 
0.0729167 0.0598958 0.130208 0.00520833 0.359375 0.0651042 0.0208333 0 0.286458 0 
0.140625 0.111979 0.414062 0.00260417 0.0416667 0.236979 0.00260417 0 0.046875 0.00260417 
0.283854 0.117188 0.236979 0.263021 0.0182292 0.046875 0 0 0.0260417 0.0078125 
0.0416667 0 0.0755208 0.0260417 0.015625 0.0729167 0.0208333 0.205729 0.00260417 0.539062 
0.0989583 0.0416667 0.114583 0.0234375 0.0833333 0.596354 0.0130208 0.00520833 0.0078125 0.015625 
0.114583 0.0130208 0.585938 0.0703125 0.0104167 0.179688 0 0 0.0078125 0.0182292 
0 0 0.00260417 0 0.00260417 0.0104167 0.015625 0.945312 0 0.0234375 
0.114583 0.234375 0.536458 0.0130208 0.0260417 0.0520833 0 0 0.00520833 0.0182292 
0.0208333 0 0.00260417 0 0.00520833 0.0260417 0.0130208 0.807292 0 0.125 
0.0182292 0 0.00260417 0.0104167 0.00260417 0.0286458 0.0338542 0.851562 0 0.0520833 
0.151042 0.0104167 0.015625 0.015625 0.0885417 0.46875 0 0 0.0390625 0.210938 
0.106771 0.171875 0.440104 0.0130208 0.0208333 0.234375 0.00520833 0 0.00260417 0.00520833 
0.466146 0.0208333 0.151042 0.0390625 0.0182292 0.140625 0 0.0286458 0.0104167 0.125 
0.0703125 0 0.015625 0.00260417 0.00520833 0.0390625 0.0078125 0.8125 0.00260417 0.0442708 
0.114583 0.00520833 0.213542 0.127604 0.0338542 0.114583 0.0390625 0.0234375 0 0.328125 
0.130208 0.015625 0.213542 0.0729167 0.00520833 0.291667 0.0182292 0.0078125 0.0208333 0.223958 
0.4375 0.0130208 0.0807292 0.015625 0.015625 0.203125 0.0260417 0.119792 0.0182292 0.0703125 
0.078125 0.00520833 0.5625 0.148438 0.0338542 0.127604 0.00260417 0.00520833 0.00520833 0.03125 
0.0651042 0.125 0.736979 0.03125 0.00260417 0.03125 0 0 0.0078125 0 
0.223958 0.0989583 0.21875 0.0364583 0.0182292 0.28125 0 0 0.101562 0.0208333 
0.0755208 0.0416667 0.434896 0.0364583 0.148438 0.221354 0.0078125 0.00520833 0.00260417 0.0260417 
0.101562 0.00260417 0.570312 0.078125 0.0546875 0.161458 0.0078125 0 0.00260417 0.0208333 
0.164062 0.0130208 0.0234375 0.0208333 0.0911458 0.190104 0.046875 0.28125 0 0.169271 
0.0260417 0 0.00260417 0 0.00260417 0 0 0.953125 0 0.015625 
0.229167 0.0078125 0.0182292 0.0260417 0.0651042 0.09375 0.0130208 0.015625 0.00520833 0.526042 
0.140625 0.00520833 0.190104 0.104167 0.0442708 0.455729 0.00520833 0.0104167 0.0104167 0.0338542 
0.0234375 0 0.356771 0.479167 0.015625 0.0729167 0.00260417 0.00520833 0.03125 0.0130208 
0.476562 0.117188 0.190104 0.0546875 0.0208333 0.101562 0 0 0.0182292 0.0208333 
0.322917 0.0104167 0.00520833 0.0442708 0.0182292 0.0208333 0.0234375 0.0859375 0.00260417 0.466146 
0.213542 0.0416667 0.234375 0.0390625 0.127604 0.1875 0.0078125 0.00260417 0.00260417 0.143229 
0.148438 0.0130208 0.239583 0.0572917 0.106771 0.395833 0.00260417 0 0.0182292 0.0182292 
0.0260417 0.0208333 0.0963542 0.0260417 0.119792 0.440104 0.119792 0.0494792 0.00260417 0.0989583 
0.101562 0 0.195312 0.127604 0.0104167 0.0703125 0.015625 0.0104167 0.00260417 0.466146 
0.0390625 0.0416667 0.5 0.0078125 0.0572917 0.315104 0.00520833 0 0.03125 0.00260417 
0 0 0.0494792 0 0 0.197917 0.00260417 0.174479 0.0859375 0.489583 
0.0989583 0 0.473958 0.0963542 0.00520833 0.255208 0.00260417 0.00260417 0.0286458 0.0364583 
0.0807292 0.0260417 0.567708 0.114583 0.0520833 0.119792 0.00260417 0 0.03125 0.00520833 
0.0416667 0.0286458 0.822917 0.0546875 0.0130208 0.03125 0 0 0.00260417 0.00520833 
0.153646 0 0.356771 0.109375 0.03125 0.111979 0.0130208 0.00520833 0.00520833 0.213542 
0.177083 0 0.0130208 0.0208333 0 0.0286458 0.00260417 0.601562 0.00260417 0.153646 
0.270833 0.0364583 0.0989583 0.078125 0.143229 0.221354 0.015625 0.0078125 0.00260417 0.125 
0.158854 0.0234375 0.242188 0.09375 0.153646 0.208333 0.03125 0.0234375 0.00520833 0.0598958 
0.00520833 0 0.00520833 0 0 0.0078125 0.00260417 0.945312 0 0.0338542 
0.0625 0 0.00260417 0.0677083 0.09375 0.00260417 0.0598958 0.583333 0 0.127604 
0.140625 0.0104167 0.434896 0.0494792 0.0703125 0.205729 0 0.00520833 0.00260417 0.0807292 
0.203125 0.0260417 0.364583 0.046875 0.0260417 0.299479 0.00260417 0.00260417 0.0104167 0.0182292 
0.0442708 0.0442708 0.1875 0.0286458 0.0963542 0.554688 0.0260417 0 0.0104167 0.0078125 
0.101562 0.0208333 0.434896 0.182292 0.0859375 0.119792 0.00520833 0.00260417 0.00520833 0.0416667 
0.242188 0.015625 0.268229 0.0338542 0.0260417 0.317708 0.00520833 0.00260417 0.0416667 0.046875 
0.111979 0.00520833 0.0520833 0.0911458 0.03125 0.552083 0.0572917 0.015625 0.0572917 0.0260417 
0.216146 0.0286458 0.179688 0.0286458 0.0572917 0.322917 0.0104167 0.0572917 0.0208333 0.078125 
0.0416667 0.0442708 0.151042 0.148438 0.104167 0.398438 0.0833333 0.0104167 0.00260417 0.015625 
0.0364583 0 0.0260417 0.00520833 0.00260417 0.122396 0.0442708 0.684896 0.0078125 0.0703125 
0.244792 0.0182292 0.236979 0.0494792 0.0104167 0.140625 0.015625 0.0494792 0.0078125 0.226562 
0.0234375 0 0.015625 0.140625 0.0625 0.0442708 0.0416667 0.174479 0 0.497396 
0.0442708 0.0234375 0.0807292 0.0182292 0.510417 0.260417 0.0390625 0.00260417 0.00520833 0.015625 
0.210938 0.015625 0.21875 0.0833333 0.0260417 0.302083 0.015625 0.0494792 0.0208333 0.0572917 
0.0729167 0.0364583 0.653646 0.0598958 0.0182292 0.101562 0.00260417 0 0 0.0546875 
0.0546875 0.0078125 0.440104 0.0807292 0.0260417 0.0911458 0.0182292 0.0208333 0.00520833 0.255208 
0.046875 0.03125 0.127604 0.135417 0.03125 0.119792 0.0208333 0.0130208 0.0078125 0.466146 
0.122396 0 0.00260417 0 0.00260417 0.0078125 0.00260417 0.856771 0 0.00520833 
0.369792 0.015625 0.21875 0.0182292 0.00520833 0.143229 0.00260417 0.0677083 0.127604 0.03125 
0.140625 0.0182292 0.0885417 0.101562 0.0755208 0.161458 0.0104167 0.239583 0 0.164062 
0.125 0.0364583 0.03125 0.0520833 0.265625 0.348958 0.0416667 0.03125 0 0.0677083 
0 0 0 0 0.00260417 0.00260417 0.0104167 0.971354 0 0.0130208 
0.0494792 0 0 0.0104167 0.00520833 0.0130208 0.0208333 0.828125 0 0.0729167 
0.00260417 0 0 0 0 0.00260417 0 0.992188 0 0.00260417 
0.153646 0.0416667 0.361979 0.0807292 0.0364583 0.15625 0.0234375 0.00520833 0.0182292 0.122396 
0.166667 0.015625 0.0598958 0.0286458 0.015625 0.604167 0.00520833 0.0130208 0.0390625 0.0520833 
0.174479 0.0416667 0.234375 0.0572917 0.138021 0.322917 0.00260417 0.00260417 0.0078125 0.0182292 
0.09375 0.0182292 0.0494792 0.03125 0.268229 0.4375 0.0546875 0.00520833 0.0078125 0.0338542 
0.0130208 0 0.00520833 0.0494792 0.0416667 0.0364583 0.0520833 0.216146 0 0.585938 
0.325521 0.0208333 0.046875 0.0703125 0.0494792 0.125 0.0260417 0.197917 0.00260417 0.135417 
0.0989583 0.00260417 0.395833 0.140625 0.015625 0.270833 0 0.00260417 0.0494792 0.0234375 
0.132812 0.0078125 0.46875 0.0625 0.0546875 0.242188 0.00260417 0 0.0130208 0.015625 
0.106771 0.0364583 0.440104 0.239583 0.00520833 0.0989583 0.00260417 0.0078125 0.0416667 0.0208333 
0.161458 0.0078125 0.265625 0.0364583 0.0364583 0.273438 0.0338542 0.0677083 0.0104167 0.106771 
0.0442708 0 0.708333 0.0833333 0.0130208 0.135417 0 0 0.0130208 0.00260417 
0.111979 0.0260417 0.25 0.0182292 0.122396 0.442708 0.00520833 0 0.0130208 0.0104167 
0.119792 0.28125 0.453125 0.015625 0.00260417 0.0963542 0 0 0.0286458 0.00260417 
0.0625 0.166667 0.611979 0.0546875 0.015625 0.0494792 0 0.00260417 0.0338542 0.00260417 
0.0494792 0.0078125 0.0442708 0.263021 0.341146 0.169271 0.0390625 0.00260417 0 0.0833333 
0.127604 0.0078125 0.0104167 0.0755208 0.046875 0.0234375 0.0286458 0.109375 0 0.570312 
0.00260417 0 0 0.0130208 0.0130208 0 0.015625 0.0130208 0 0.942708 
0.0130208 0 0.00260417 0 0 0.0078125 0.00520833 0.934896 0 0.0364583 
0.0911458 0.143229 0.197917 0.0598958 0.309896 0.169271 0.0130208 0 0.0078125 0.0078125 
0.0755208 0.0546875 0.627604 0.0442708 0.00260417 0.177083 0 0 0.0078125 0.0104167 
0.0260417 0 0 0 0.0078125 0.00260417 0.015625 0.929688 0 0.0182292 
0.263021 0.00520833 0.0234375 0.00260417 0 0.0416667 0 0.604167 0.0078125 0.0520833 
0.0859375 0.00520833 0.151042 0.0520833 0.153646 0.507812 0.0078125 0 0.00520833 0.03125 
0.0208333 0.0286458 0.213542 0.03125 0.354167 0.0833333 0.0208333 0 0.247396 0 
0.479167 0.00260417 0.03125 0.0078125 0.0078125 0.0572917 0.00520833 0.315104 0.00520833 0.0885417 
0.0546875 0.0416667 0.429688 0.00520833 0.200521 0.200521 0.00260417 0 0.0651042 0 
0.0338542 0.0130208 0.0260417 0.0755208 0.59375 0.0963542 0.03125 0.0078125 0 0.122396 
0.00260417 0 0 0 0 0.00260417 0 0.976562 0 0.0182292 
0.0885417 0.0104167 0.0130208 0.00260417 0.0104167 0.143229 0.0260417 0.622396 0 0.0833333 
0.151042 0.0130208 0.325521 0.0442708 0.0286458 0.354167 0.00260417 0.0104167 0.0234375 0.046875 
0.00260417 0 0 0 0 0.00260417 0 0.989583 0 0.00520833 
0.0885417 0.00520833 0.0286458 0.00520833 0.046875 0.130208 0.164062 0.0104167 0.0208333 0.5 
0.179688 0.0546875 0.132812 0.0182292 0.015625 0.348958 0.0130208 0.0260417 0.192708 0.0182292 
0.161458 0.015625 0.205729 0.0703125 0.0494792 0.0703125 0.0130208 0.00260417 0.411458 0 
0.234375 0.0078125 0.552083 0.0130208 0.0208333 0.0416667 0.00260417 0.00260417 0.0078125 0.117188 
0.377604 0.00520833 0.0625 0.0104167 0.0078125 0.125 0.0234375 0.317708 0.0182292 0.0520833 
0.0104167 0.0234375 0.953125 0.00260417 0.00260417 0.00520833 0 0 0 0.00260417 
0.00520833 0 0 0.0338542 0.0286458 0.0208333 0.0364583 0.0416667 0 0.833333 
0.0390625 0 0 0.00260417 0 0.00520833 0.0078125 0.914062 0 0.03125 
0.0729167 0.0078125 0.296875 0.046875 0.0234375 0.307292 0.0234375 0.104167 0.0234375 0.09375 
0.130208 0.00260417 0.541667 0.106771 0.0286458 0.151042 0.00520833 0 0.0234375 0.0104167 
0.0182292 0 0 0 0 0.0130208 0.0130208 0.9375 0 0.0182292 
0.09375 0.0104167 0.695312 0.0260417 0.0598958 0.104167 0.00260417 0 0.00520833 0.00260417 
0.0546875 0.0729167 0.247396 0.1875 0.117188 0.28125 0.0286458 0.00520833 0 0.00520833 
0.0442708 0.00520833 0.0494792 0.03125 0.585938 0.229167 0.0364583 0.00260417 0 0.015625 
0.03125 0 0 0 0.00520833 0.015625 0.0104167 0.893229 0 0.0442708 
0.0755208 0.0494792 0.213542 0.03125 0.119792 0.463542 0.0234375 0 0.0130208 0.0104167 
0.5 0.0182292 0.122396 0.0208333 0.00520833 0.177083 0.00260417 0.0286458 0.0104167 0.114583 
0.239583 0.117188 0.523438 0.0078125 0 0.078125 0 0 0.0260417 0.0078125 
0.364583 0.015625 0.00260417 0.03125 0.0182292 0.0208333 0.00260417 0.403646 0 0.140625 
0.0963542 0.0260417 0.117188 0.0286458 0.273438 0.377604 0.0416667 0 0.03125 0.0078125 
0.0755208 0.00520833 0.236979 0.0546875 0.0182292 0.539062 0.0104167 0 0.0546875 0.00520833 
0.216146 0.00520833 0.317708 0.0598958 0.00260417 0.294271 0.0078125 0.015625 0.0416667 0.0390625 
0.291667 0.0130208 0.221354 0.0520833 0.0520833 0.296875 0 0.00260417 0.0078125 0.0625 
0.0078125 0 0 0 0 0.00260417 0 0.973958 0 0.015625 
0.119792 0.0911458 0.234375 0.0494792 0.0494792 0.34375 0.00520833 0 0.015625 0.0911458 
0.242188 0.0260417 0.158854 0.122396 0.0651042 0.309896 0.0078125 0.00520833 0.00520833 0.0572917 
0.330729 0.0494792 0.145833 0.015625 0.0104167 0.307292 0 0.0338542 0.0885417 0.0182292 
0.0651042 0.00260417 0.114583 0.244792 0.0572917 0.0677083 0.0208333 0.0104167 0 0.416667 
0.122396 0.00260417 0.101562 0.0703125 0.0625 0.171875 0.182292 0.127604 0.00520833 0.153646 
0.0130208 0 0 0 0.00260417 0.00520833 0.0234375 0.945312 0 0.0104167 
0.179688 0.0182292 0.502604 0.0260417 0.00520833 0.1875 0 0.015625 0.0442708 0.0208333 
0.078125 0.00260417 0.0078125 0.0442708 0.0442708 0.0338542 0.0572917 0.533854 0 0.197917 
0.1875 0.283854 0.229167 0.0130208 0.0130208 0.192708 0 0.0078125 0.0677083 0.00520833 
0.242188 0.0234375 0.0598958 0.0234375 0.127604 0.367188 0.0260417 0.0182292 0.00260417 0.109375 
0.0078125 0.0546875 0.0286458 0.00260417 0.244792 0.0520833 0.604167 0 0.00520833 0 
0.0677083 0.0078125 0.752604 0.0494792 0.03125 0.0703125 0 0 0.0182292 0.00260417 
0.161458 0.0390625 0.229167 0.0286458 0.0598958 0.450521 0.00260417 0.00260417 0.015625 0.0104167 
0.195312 0.015625 0.427083 0.135417 0.0572917 0.148438 0 0.00260417 0.00520833 0.0130208 
0.0078125 0 0 0 0 0.00520833 0 0.976562 0 0.0104167 
0.151042 0.00260417 0.0859375 0.0104167 0.0260417 0.125 0.00260417 0 0.596354 0 
0.0625 0.0442708 0.0182292 0.0677083 0.367188 0.260417 0.0703125 0.0078125 0 0.101562 
0.151042 0.0234375 0.315104 0.0546875 0.0234375 0.335938 0.0078125 0.0494792 0.00520833 0.0338542 
0.265625 0.0260417 0.414062 0.0104167 0.00520833 0.21875 0.00520833 0.0130208 0.015625 0.0260417 
0.21875 0.0182292 0.00520833 0.0416667 0.0885417 0.125 0.0286458 0.0364583 0.0130208 0.424479 
0.0338542 0 0.046875 0.0130208 0.0104167 0.130208 0.0651042 0.486979 0 0.213542 
0 0 0 0 0 0.00260417 0 0.986979 0 0.0104167 
0.242188 0.078125 0.158854 0.0338542 0.0416667 0.346354 0.0104167 0.0338542 0.015625 0.0390625 
0.0989583 0.0130208 0.151042 0.0338542 0.109375 0.533854 0.00260417 0 0.015625 0.0416667 
0.0338542 0.015625 0.132812 0.0286458 0.591146 0.166667 0.0104167 0 0.0208333 0 
0.278646 0 0.0208333 0.0520833 0.0598958 0.122396 0.0182292 0.0364583 0.00260417 0.408854 
0.0546875 0.0104167 0.822917 0.0442708 0.00260417 0.0338542 0 0 0.0104167 0.0208333 
0.372396 0.00520833 0.0104167 0.0104167 0.0130208 0.03125 0.0963542 0.401042 0.00260417 0.0572917 
0.00520833 0 0 0 0 0.00260417 0.00260417 0.984375 0 0.00520833 
0.223958 0.00260417 0.158854 0.046875 0.0442708 0.231771 0.0338542 0.101562 0.00260417 0.153646 
0.0807292 0 0.0078125 0.0442708 0.015625 0.0208333 0.0598958 0.1875 0 0.583333 
0.158854 0.0755208 0.421875 0.0260417 0.03125 0.263021 0 0.00260417 0.0104167 0.0104167 
0.182292 0.0572917 0.322917 0.0130208 0.0338542 0.359375 0.00260417 0 0.0234375 0.00520833 
0.0104167 0 0.00260417 0.015625 0.00520833 0.0104167 0.0078125 0.00260417 0 0.945312 
0.414062 0 0 0.0442708 0.0416667 0.0416667 0 0.411458 0 0.046875 
0.0416667 0.0677083 0.708333 0.015625 0.0286458 0.09375 0 0 0.0104167 0.0338542 
0.130208 0.0260417 0.252604 0.0260417 0.190104 0.299479 0.0104167 0.0078125 0.015625 0.0416667 
0.643229 0.0078125 0.0598958 0.00520833 0.0104167 0.135417 0.015625 0.0833333 0.0208333 0.0182292 
0.104167 0.0208333 0.434896 0.166667 0.0572917 0.138021 0.015625 0 0.0104167 0.0520833 
0.09375 0.458333 0.330729 0.00260417 0.0104167 0.0546875 0 0 0.046875 0.00260417 
0.0911458 0.0833333 0.497396 0.169271 0.0338542 0.0833333 0.00520833 0 0.0364583 0 
0.304688 0.015625 0.0442708 0.0234375 0.015625 0.127604 0.0364583 0.385417 0.00260417 0.0442708 
0.03125 0.0182292 0.919271 0.00520833 0.00260417 0.0130208 0 0 0 0.0104167 
0.132812 0.138021 0.507812 0.151042 0.0104167 0.0416667 0 0.00260417 0.015625 0 
0.0729167 0.0078125 0.536458 0.135417 0.0208333 0.158854 0.0078125 0 0.0182292 0.0416667 
0.164062 0.046875 0.388021 0.114583 0.0234375 0.0859375 0.00520833 0.0234375 0.0078125 0.140625 
0.130208 0.015625 0.565104 0.03125 0.0130208 0.184896 0 0 0.0182292 0.0416667 
0.104167 0.00520833 0.424479 0.200521 0.0286458 0.161458 0 0 0.0546875 0.0208333 
0.104167 0.119792 0.546875 0.015625 0.015625 0.182292 0 0 0.015625 0 
0 0 0 0 0 0.00520833 0 0.984375 0 0.0104167 
0.109375 0.015625 0.195312 0.0703125 0.0364583 0.440104 0.0104167 0.015625 0.0364583 0.0703125 
0.0651042 0 0.00260417 0 0.0104167 0.0625 0.0494792 0.742188 0 0.0677083 
0.015625 0.00260417 0.0286458 0.0104167 0.0494792 0.0807292 0.356771 0.302083 0.00260417 0.151042 
0.0104167 0.00260417 0.00520833 0.0911458 0.0442708 0.0260417 0.0546875 0.0182292 0 0.747396 
0.0572917 0.00520833 0.0677083 0.263021 0.195312 0.127604 0.0520833 0.0078125 0.00260417 0.221354 
0.145833 0.0078125 0.257812 0.078125 0.0182292 0.348958 0.0416667 0.03125 0.00260417 0.0677083 
0.0572917 0.00260417 0.0364583 0.101562 0.0260417 0.0234375 0.0338542 0.0104167 0 0.708333 
0.164062 0 0.0182292 0.0598958 0.0833333 0.0286458 0.0442708 0.09375 0.00260417 0.505208 
0.252604 0.0286458 0.403646 0.0104167 0.0130208 0.1875 0.0104167 0.0130208 0.0182292 0.0625 
0.273438 0.0208333 0.268229 0.0182292 0.0078125 0.309896 0.00520833 0.00260417 0.0833333 0.0104167 
0.0442708 0 0 0.0286458 0.0260417 0.0078125 0.0546875 0.721354 0 0.117188 
0.153646 0.0208333 0.0078125 0.0729167 0.203125 0.239583 0.0651042 0.0572917 0 0.179688 
0.127604 0 0.0078125 0 0 0.0442708 0.0130208 0.755208 0 0.0520833 
0.078125 0 0.00260417 0.0182292 0.0260417 0.0260417 0.0182292 0.776042 0 0.0546875 
0.0338542 0 0 0.00260417 0 0.00260417 0.00260417 0.929688 0 0.0286458 
0.015625 0.0182292 0.0390625 0.015625 0.763021 0.0364583 0.015625 0 0.09375 0.00260417 
0 0 0 0 0 0.00260417 0 0.96875 0 0.0286458 
0.291667 0 0.00260417 0.0078125 0.0130208 0.0208333 0.0208333 0.429688 0 0.213542 
0.229167 0.00260417 0.0130208 0.0208333 0.0442708 0.0885417 0.0104167 0.492188 0 0.0989583 
0.078125 0.0078125 0.0729167 0.0234375 0.229167 0.549479 0.0078125 0 0.015625 0.015625 
0.0182292 0 0 0 0 0.0182292 0 0.914062 0 0.0494792 
0.130208 0.0234375 0.513021 0.0651042 0.0078125 0.208333 0.00260417 0.00520833 0.0364583 0.0078125 
0.278646 0.00520833 0.122396 0.03125 0.0442708 0.177083 0.0104167 0.263021 0.0078125 0.0598958 
0.0989583 0.0677083 0.440104 0.0182292 0.03125 0.302083 0.00520833 0 0.0364583 0 
0.0494792 0.00520833 0.0651042 0.0260417 0.0208333 0.0703125 0.0364583 0.513021 0.00260417 0.210938 
0.184896 0 0.00520833 0.0182292 0.0104167 0.0338542 0.0182292 0.606771 0 0.122396 
0.145833 0.0833333 0.0651042 0.0546875 0.0911458 0.497396 0.015625 0 0.0208333 0.0260417 
0.125 0.0078125 0.0494792 0.0104167 0.00260417 0.109375 0.015625 0.604167 0 0.0755208 
0.0338542 0.0625 0.544271 0.3125 0.0130208 0.015625 0 0 0.0130208 0.00520833 
0.00260417 0 0 0 0 0 0 0 0 0.997396 
0.0729167 0.0729167 0.0520833 0.00520833 0.046875 0.440104 0.268229 0.0078125 0.0078125 0.0260417 
0.484375 0.00520833 0.0572917 0.0078125 0.0078125 0.0859375 0.00520833 0.268229 0.00260417 0.0755208 
0.00260417 0 0.0078125 0 0 0.174479 0 0.770833 0 0.0442708 
0 0 0 0 0 0 0 1 0 0 
0.419271 0 0.0182292 0 0 0.0364583 0.00260417 0.489583 0 0.0338542 
0.0520833 0.015625 0.109375 0 0.101562 0.703125 0.0104167 0 0 0.0078125 
0.00520833 0 0 0 0.00260417 0.0208333 0 0.916667 0 0.0546875 
0.0442708 0 0.015625 0.0130208 0 0.046875 0.0182292 0.695312 0 0.166667 
0.101562 0.00520833 0.0234375 0.0130208 0.0104167 0.0807292 0.0130208 0.697917 0.00520833 0.0494792 
0.132812 0.0130208 0.161458 0.0598958 0.104167 0.450521 0.00520833 0.0104167 0.015625 0.046875 
0.101562 0.015625 0.229167 0.0729167 0.046875 0.09375 0.00260417 0.00260417 0.00260417 0.432292 
0.197917 0.0442708 0.299479 0.0416667 0.0546875 0.164062 0 0.0364583 0.0130208 0.148438 
0.239583 0.0234375 0.101562 0.0234375 0.0442708 0.429688 0.0338542 0.00520833 0.00520833 0.09375 
0.119792 0.0234375 0.377604 0.015625 0.015625 0.338542 0.00260417 0 0.0989583 0.0078125 
0.200521 0.0078125 0.184896 0.0833333 0.0963542 0.354167 0.0130208 0.0104167 0.00520833 0.0442708 
0.291667 0.0520833 0.265625 0.0729167 0.0286458 0.177083 0.0234375 0.015625 0.0078125 0.0651042 
0.109375 0.0234375 0.393229 0.111979 0.0442708 0.289062 0.00520833 0.00520833 0.0078125 0.0104167 
0.117188 0.00520833 0.244792 0.0364583 0.0729167 0.304688 0.0208333 0.09375 0.03125 0.0729167 
0.0859375 0 0 0 0 0.0182292 0.0078125 0.880208 0 0.0078125 
0.145833 0.0963542 0.0911458 0.00520833 0.0260417 0.46875 0.0078125 0.00520833 0.135417 0.0182292 
0.205729 0.197917 0.34375 0.0442708 0.0104167 0.0911458 0 0.00260417 0.09375 0.0104167 
0.0729167 0.0364583 0.776042 0.046875 0.0104167 0.0494792 0 0 0.00520833 0.00260417 
0.0546875 0.0364583 0.289062 0.367188 0.0807292 0.130208 0.0104167 0.00260417 0.00520833 0.0234375 
0.00520833 0 0.00260417 0.00260417 0 0.00260417 0.0078125 0.966146 0 0.0130208 
0.166667 0.00520833 0.53125 0.184896 0.0260417 0.078125 0.00260417 0 0.00260417 0.00260417 
0.111979 0.0182292 0.184896 0.117188 0.0546875 0.453125 0.00520833 0.00520833 0.0130208 0.0364583 
0.307292 0 0.0182292 0.00520833 0 0.0598958 0.00260417 0.559896 0.00260417 0.0442708 
0.614583 0.0130208 0.0520833 0.0182292 0.0130208 0.119792 0.0182292 0.0859375 0.0234375 0.0416667 
0.273438 0 0.00520833 0.00260417 0 0.0208333 0.0078125 0.669271 0 0.0208333 
0.0677083 0 0.377604 0.190104 0.0338542 0.257812 0 0.00260417 0 0.0703125 
0.0625 0.0104167 0.252604 0.114583 0.046875 0.28125 0.046875 0.0572917 0.00260417 0.125 
0 0 0 0 0 0.00520833 0 0.973958 0 0.0208333 
0.307292 0.00260417 0.0104167 0.00520833 0.0104167 0.0260417 0.0104167 0.596354 0 0.03125 
0.0130208 0 0.0078125 0 0 0.0130208 0.00260417 0.947917 0 0.015625 
0.330729 0.0130208 0.221354 0.0234375 0.0078125 0.114583 0.0104167 0.148438 0.0234375 0.106771 
0.197917 0.015625 0.341146 0.0572917 0.0286458 0.299479 0 0 0.0572917 0.00260417 
0.354167 0.0078125 0.179688 0.0677083 0.0494792 0.236979 0.0078125 0.03125 0.0182292 0.046875 
0.161458 0.25 0.322917 0.00520833 0.0520833 0.184896 0.00260417 0 0.0182292 0.00260417 
0.0572917 0.015625 0.0494792 0.0260417 0.320312 0.440104 0.0260417 0.00260417 0 0.0625 
0.122396 0.171875 0.486979 0.164062 0.0104167 0.0182292 0 0.00260417 0.0078125 0.015625 
0.0807292 0 0 0 0 0.015625 0 0.885417 0 0.0182292 
0.0625 0.0104167 0.0260417 0.171875 0.0260417 0.0651042 0.276042 0.0182292 0 0.34375 
0.0572917 0.0078125 0.401042 0.078125 0.0390625 0.268229 0 0.00260417 0.140625 0.00520833 
0.104167 0 0 0 0.0104167 0.0598958 0.0520833 0.726562 0 0.046875 
0.174479 0.0390625 0.388021 0.0104167 0.0338542 0.333333 0 0 0.0182292 0.00260417 
0.0364583 0 0.0286458 0.127604 0.09375 0.0625 0.0651042 0.0286458 0 0.557292 
0 0 0 0 0 0 0 0.984375 0 0.015625 
0.322917 0.0208333 0.153646 0.0520833 0.0807292 0.273438 0.015625 0.0078125 0.0104167 0.0625 
0.148438 0.0130208 0.309896 0.0546875 0.0182292 0.111979 0 0.00260417 0.00520833 0.335938 
0.200521 0.104167 0.455729 0.03125 0.0364583 0.119792 0 0 0.0520833 0 
0.138021 0 0.00520833 0 0.00260417 0.046875 0.0130208 0.776042 0 0.0182292 
0.0651042 0.00260417 0.273438 0.0416667 0.00520833 0.125 0.0182292 0.192708 0.0078125 0.268229 
0.210938 0.0130208 0.0078125 0.0208333 0.106771 0.148438 0.0078125 0.0234375 0.00260417 0.458333 
0.015625 0 0.00260417 0.0104167 0.0104167 0.015625 0.0286458 0.838542 0 0.078125 
0.190104 0.00520833 0.174479 0.0677083 0.0833333 0.239583 0.03125 0.046875 0 0.161458 
0.15625 0.0078125 0.190104 0.0416667 0.106771 0.421875 0.00260417 0.0078125 0.0286458 0.0364583 
0.0572917 0 0.00260417 0.00260417 0 0.00260417 0.0625 0.848958 0 0.0234375 
0.117188 0 0.00520833 0.0755208 0.226562 0.0364583 0.03125 0.078125 0 0.429688 
0.0833333 0.0416667 0.505208 0.0885417 0.0442708 0.192708 0.00260417 0.00260417 0.0182292 0.0208333 
0.570312 0.0078125 0.0494792 0.0104167 0.0078125 0.0807292 0.00520833 0.242188 0.0078125 0.0182292 
0.375 0.0286458 0.0416667 0.0338542 0.0911458 0.223958 0.0625 0.0494792 0.00520833 0.0885417 
0 0 0 0 0 0.015625 0 0.979167 0 0.00520833 
0.101562 0.046875 0.164062 0.0572917 0.145833 0.179688 0.0078125 0 0.289062 0.0078125 
0.0625 0.440104 0.367188 0.0703125 0.0182292 0.0234375 0 0 0.00520833 0.0130208 
0.0625 0 0.583333 0.106771 0.0338542 0.177083 0.0078125 0 0.0130208 0.015625 
0.296875 0.0078125 0.0494792 0.0572917 0.0494792 0.106771 0.046875 0.15625 0 0.229167 
0.333333 0.00260417 0.0338542 0.0677083 0.015625 0.0416667 0.0078125 0.0078125 0.00260417 0.486979 
0.0963542 0.0182292 0.309896 0.325521 0.0364583 0.15625 0.0104167 0.00520833 0.0182292 0.0234375 
0.161458 0.0625 0.497396 0.0130208 0.0130208 0.166667 0 0 0.0859375 0 
0.203125 0.0104167 0.0546875 0.0546875 0.169271 0.460938 0 0.00260417 0.00260417 0.0416667 
0.0078125 0 0.00260417 0 0.00260417 0.0182292 0.0182292 0.9375 0 0.0130208 
0.145833 0.3125 0.315104 0.0885417 0.0546875 0.0625 0 0 0.0130208 0.0078125 
0.166667 0.0182292 0.486979 0.135417 0.0390625 0.119792 0 0.00260417 0.00260417 0.0286458 
0.210938 0.00520833 0.195312 0.0833333 0.0364583 0.419271 0.00520833 0.00260417 0.0234375 0.0182292 
0.15625 0.00260417 0.0442708 0.101562 0.0598958 0.177083 0.0182292 0.182292 0.00260417 0.255208 
0.257812 0.0885417 0.304688 0.117188 0.0598958 0.117188 0 0.00260417 0.0078125 0.0442708 
0.0364583 0 0.015625 0 0 0.0260417 0.0104167 0.841146 0.0260417 0.0442708 
0.122396 0.0234375 0.463542 0.0546875 0.015625 0.252604 0.00260417 0.00520833 0.0338542 0.0260417 
0.130208 0.0078125 0.242188 0.104167 0.0260417 0.190104 0.0182292 0.0286458 0.0078125 0.244792 
0.174479 0.0598958 0.453125 0.0182292 0.0390625 0.208333 0.00520833 0.00520833 0.0182292 0.0182292 
0 0 0.00520833 0 0 0 0.00520833 0.979167 0 0.0104167 
0.515625 0.0286458 0.0260417 0.0572917 0.0598958 0.0807292 0.0286458 0.0598958 0.00520833 0.138021 
0.00520833 0 0 0.00260417 0.00260417 0.0208333 0.00260417 0.929688 0 0.0364583 
0.0989583 0 0.00520833 0.0494792 0.0286458 0.00520833 0.0208333 0.015625 0 0.776042 
0.0260417 0.03125 0.0651042 0.0729167 0.377604 0.101562 0.302083 0.00260417 0 0.0208333 
0.0416667 0.00260417 0.0520833 0.307292 0.0520833 0.0546875 0.0286458 0.0078125 0 0.453125 
0.0286458 0 0.0104167 0 0 0.0364583 0.015625 0.848958 0 0.0598958 
0.0625 0.00260417 0.00520833 0.0234375 0.0260417 0.244792 0.104167 0.385417 0 0.145833 
0.09375 0.0494792 0.395833 0.0677083 0.0390625 0.325521 0 0.00260417 0.0104167 0.015625 
0.0442708 0.00260417 0.00520833 0.0338542 0.0494792 0.0286458 0.0208333 0.00520833 0 0.809896 
0.0520833 0 0.0364583 0.0364583 0.0234375 0.0677083 0.0963542 0.273438 0 0.414062 
0.322917 0.0078125 0.00260417 0.046875 0.216146 0.127604 0.0572917 0.0416667 0 0.177083 
0.356771 0.0208333 0.252604 0.0130208 0.0286458 0.143229 0.00520833 0.0859375 0.0677083 0.0260417 
0.119792 0.00260417 0.0130208 0.0078125 0.00260417 0.148438 0.0234375 0.619792 0 0.0625 
0.125 0.015625 0.0625 0.03125 0.0364583 0.583333 0.0651042 0.0182292 0.0130208 0.0494792 
0.145833 0.015625 0.528646 0.0755208 0.03125 0.177083 0 0.00520833 0.0078125 0.0130208 
0.0807292 0 0.00260417 0.0104167 0.0104167 0.0260417 0.0208333 0.723958 0 0.125 
0.0807292 0.0104167 0.419271 0.0651042 0.046875 0.25 0 0.00520833 0.111979 0.0104167 
0.270833 0.0911458 0.380208 0.0494792 0.0130208 0.153646 0 0.0078125 0.0208333 0.0130208 
0.0520833 0.0078125 0.221354 0.0807292 0.234375 0.184896 0.0729167 0.03125 0.0104167 0.104167 
0.0338542 0 0 0 0 0.00260417 0.00520833 0.929688 0 0.0286458 
0 0 0.00260417 0 0 0 0 0.994792 0 0.00260417 
0.0989583 0.0286458 0.0338542 0.0338542 0.0703125 0.205729 0.476562 0.0182292 0.00520833 0.0286458 
0.0911458 0.0390625 0.197917 0.0338542 0.0546875 0.411458 0.0130208 0.0078125 0.148438 0.00260417 
0.0911458 0.078125 0.471354 0.015625 0.0234375 0.304688 0 0.00520833 0.0078125 0.00260417 
0.127604 0 0.0104167 0.0104167 0.046875 0.0338542 0.0390625 0.585938 0 0.145833 
0.03125 0 0.00520833 0.0078125 0.00260417 0.03125 0.0182292 0.820312 0.00260417 0.0807292 
0.192708 0.0963542 0.453125 0.0130208 0.0442708 0.138021 0 0.0104167 0.0208333 0.03125 
0.114583 0.125 0.484375 0.0104167 0.0416667 0.182292 0 0 0.0416667 0 
0.0364583 0.00260417 0.00520833 0.00520833 0.015625 0.0260417 0.0572917 0.763021 0 0.0885417 
0.0364583 0 0 0 0.00260417 0.00260417 0.0104167 0.901042 0 0.046875 
0.210938 0.0364583 0.270833 0.0677083 0.0442708 0.28125 0.0078125 0.0104167 0.0572917 0.0130208 
0.0130208 0 0.00520833 0.00520833 0 0.0078125 0.00260417 0.940104 0 0.0260417 
0.205729 0.0729167 0.497396 0.0338542 0.00260417 0.0494792 0 0 0.138021 0 
0.158854 0.0729167 0.317708 0.184896 0.0260417 0.161458 0 0 0.0729167 0.00520833 
0.0104167 0 0.0130208 0.00260417 0 0.0260417 0 0.856771 0.0078125 0.0833333 
0.171875 0.015625 0.0182292 0.0286458 0.1875 0.148438 0.0963542 0.195312 0 0.138021 
0.0807292 0.0130208 0.0885417 0.0234375 0.117188 0.380208 0.0104167 0.00260417 0.28125 0.00260417 
0.244792 0 0 0.00520833 0.00520833 0.0364583 0.0130208 0.664062 0 0.03125 
0.0885417 0.0859375 0.614583 0.0208333 0.0234375 0.140625 0 0 0.015625 0.0104167 
0.309896 0.00520833 0.0364583 0.0677083 0.0729167 0.0989583 0.03125 0.046875 0.00260417 0.328125 
0.0807292 0 0.00260417 0.0364583 0.0416667 0.0130208 0.0208333 0.0859375 0 0.71875 
0.0078125 0 0.0338542 0.0338542 0.0208333 0.0494792 0.0598958 0.445312 0 0.348958 
0.0911458 0.0104167 0.309896 0.393229 0.0598958 0.0963542 0 0.00260417 0.00260417 0.0338542 
