set1_score: 0.406940
set2_score: 0.694543
ExecutionTime: 3.830000
